0 0.6601027397260273 0.523972602739726 0.07962328767123296 0.24885844748858438
29 0.6485445205479452 0.40981735159817345 0.06164383561643838 0.07990867579908674
29 0.5592893835616439 0.593607305936073 0.02183219178082183 0.031963470319634694
14 0.5490154109589042 0.6050228310502284 0.09375 0.09132420091324192
49 0.0449486301369863 0.6171232875623659 0.0898972602739726 0.1675799088935329
1 0.37692636986301375 0.6883561643835617 0.06549657534246578 0.14840182648401823
39 0.7384417808219177 0.771689497716895 0.046232876712328876 0.09132420091324206
46 0.9240154109589043 0.595890410958904 0.05265410958904127 0.08675799086757983
32 0.8456763698630138 0.7226027397260275 0.13227739726027393 0.408675799086758
32 0.9372859589041096 0.4698630135897632 0.12542808219178084 0.46940639247633015
27 0.4764554794520548 0.5228310502283106 0.11044520547945204 0.09589041095890416
34 0.548373287671233 0.523972602739726 0.025684931506849366 0.038812785388127796
35 0.5355308219178082 0.4577625570776256 0.03595890410958901 0.047945205479452045
38 0.5361729452054794 0.4429223744292237 0.037243150684931475 0.09132420091324199
38 0.5676369863013698 0.45091324200913235 0.04623287671232866 0.06164383561643838
10 0.4783818493150686 0.4497716894977169 0.014126712328767112 0.031963470319634694
21 0.44178082191780826 0.22031963470319632 0.041095890410958874 0.10730593607305938
52 0.7602739726027398 0.12557077625570776 0.07705479452054803 0.2511415525114155
50 0.5040667808219179 0.49543378995433796 0.22217465753424656 0.6940639269406393
50 0.7846746575342466 0.8504566210045661 0.27739726027397266 0.29908675799086765
13 0.7564212328767124 0.3778538812785388 0.33904109589041087 0.7465753424657534
