4 0.6820813539192397 0.3836104513064133 0.06814133016627082 0.10688836104513065
4 0.8263806413301663 0.3871733966745844 0.06279691211401463 0.11876484560570068
7 0.82437648456057 0.28741092636579574 0.06947743467933493 0.04275534441805224
10 0.7194922802850356 0.2862232779097387 0.03607482185273156 0.06888361045130643
38 0.754230997624703 0.27909738717339666 0.03874703087885976 0.05938242280285035
27 0.6827494061757718 0.5878859857482183 0.11490498812351549 0.054631828978622204
39 0.8076751781472679 0.6270783847980997 0.033402612826603194 0.03800475059382431
14 0.7702642517814717 0.8384798099762463 0.11624109263657893 0.1282660332541571
14 0.7088034441805227 0.6567695961995246 0.23381828978622315 0.12589073634204268
14 0.30864014251781424 0.846793349168646 0.23248218527315884 0.3064133016627077
52 0.18104216152018995 0.9275534441805224 0.20442399049881227 0.14489311163895496
30 0.19573931116389545 0.4762470308788593 0.17235748218527325 0.5154394299287404
17 0.47698931116389537 0.9394299287410923 0.2298099762470308 0.11638954869358584
