5 0.2035872781065089 0.621301775147929 0.09874260355029588 0.23668639053254437
43 0.2962278106508877 0.8422090729783038 0.18417159763313637 0.25246548323471435
21 0.6041050295857987 0.6311637080867851 0.08542899408283999 0.13017751479289935
21 0.034948224852071 0.7426035502958581 0.0676775147928994 0.1834319526627219
21 0.0643491124260355 0.7001972386587765 0.07544378698224853 0.15779092702169623
21 0.26017011834319526 0.611439842209073 0.06102071005917164 0.09861932938856029
21 0.24685650887573962 0.4605522682445759 0.04548816568047343 0.08481262327416168
12 0.15754437869822485 0.7899408284023669 0.08210059171597635 0.13214990138067065
44 0.3361686390532544 0.5088757396449703 0.1686390532544378 0.22485207100591711
44 0.3727810650887571 0.6548323471400395 0.11760355029585792 0.13412228796844214
26 0.5946745562130177 0.8944773175542405 0.08875739644970417 0.16370808678500978
6 0.5059171597633138 0.6972386587771198 0.11316568047337298 0.14792899408284016
