21 0.04968418926000595 0.9094536900520325 0.06966714560985565 0.0967908501625061
6 0.11996921896934509 0.9394446611404419 0.10785460472106934 0.11732002347707748
44 0.371957004070282 0.7885093092918396 0.1316898614168167 0.12030809372663498
21 0.7902072072029114 0.9487898349761963 0.07660496979951859 0.10192921757698059
6 0.3822843822843822 0.87024087024087 0.09790209790209793 0.06630406630406625
6 0.3677156177156178 0.9096089096089096 0.08275058275058278 0.07044807044807058
18 0.3956876456876457 0.8702408702408704 0.06410256410256408 0.05387205387205398
55 0.6899766899766899 0.4713804713804714 0.4615384615384615 0.9427609427609428
21 0.05011655011655012 0.12017612017612017 0.10023310023310024 0.24035224035224034
44 0.18298368298368298 0.1792281792281792 0.14452214452214454 0.12224812224812222
44 0.2896270396270396 0.1761201761201761 0.08974358974358974 0.1118881118881119
44 0.243006993006993 0.05801605801605802 0.09906759906759902 0.1036001036001036
