26 0.4276997041420118 0.46449704142011833 0.07877218934911248 0.0611439842209073
44 0.42659023668639034 0.568047337278106 0.16531065088757363 0.19329388560157773
44 0.44212278106508873 0.7021696252465484 0.12315088757396446 0.11834319526627227
43 0.3539201183431952 0.8550295857988166 0.20192307692307657 0.20710059171597645
21 0.6806582840236683 0.7475345167652854 0.07655325443786949 0.14201183431952666
21 0.3378328402366864 0.5039447731755424 0.04105029585798821 0.12426035502958584
21 0.325628698224852 0.6301775147928995 0.041050295857988174 0.1084812623274162
5 0.27681213017751477 0.6104536489151874 0.06989644970414201 0.2623274161735701
12 0.22300295857988164 0.7603550295857988 0.07544378698224855 0.10453648915187387
6 0.5763683431952663 0.7790927021696251 0.1164940828402367 0.17751479289940833
