27 0.7167410254478455 0.7217909097671509 0.1577405333518982 0.23289726674556732
9 0.2952130436897278 0.5410748720169067 0.1933605968952179 0.5820388793945312
5 0.5005777478218079 0.15119124948978424 0.014087009243667126 0.08255338668823242
5 0.4711257864685949 0.14271020193517142 0.016552532326453432 0.08697231800171087
5 0.5538884481008621 0.16788639925145618 0.016552532326453432 0.07977911876848667
5 0.5892005170639627 0.1799840525073332 0.012138523706065883 0.06473879309901788
22 0.5280257812138645 0.3514858716234555 0.03494423491140161 0.10659013409232238
21 0.46402265621824457 0.3246748562996199 0.016552532326453432 0.04381312260236573
21 0.47468984371751455 0.3576981800521492 0.03053022629101406 0.031388505744978375
21 0.4954724676385061 0.338407327563048 0.015449030171356596 0.04381312260236559
21 0.5212208512574337 0.1814647988381561 0.015449030171356454 0.03858170497820254
20 0.4404812769095108 0.345273563194762 0.014345528016259622 0.052314176241630574
0 0.40242159874386246 0.44243940844651297 0.09109660461646357 0.23374157427362957
50 0.45192792338709675 0.6229838709677419 0.29599294354838707 0.3790322580645162
41 0.8913810483870966 0.6814516129032259 0.19279233870967744 0.21774193548387089
0 0.24155745967741937 0.08366935483870969 0.05443548387096772 0.1431451612903226
13 0.1253150201612903 0.2993951612903225 0.20299899193548385 0.5826612903225805
7 0.5752779330775527 0.37206762981371583 0.02906600832955043 0.04521379073485612
