43 0.9103167808219177 0.3837899508541578 0.17936643835616436 0.3429223674617402
34 0.4764554794520548 0.7853881278538811 0.05136986301369866 0.10958904109589042
31 0.3878424657534246 0.7031963470319635 0.05393835616438359 0.0684931506849314
25 0.4655393835616438 0.8949771689497718 0.0218321917808219 0.04566210045662103
29 0.13741438356164384 0.6552511415525114 0.010273972602739719 0.027397260273972678
29 0.1830051369863014 0.40867579908675794 0.09118150684931507 0.09589041095890416
35 0.07962328767123288 0.545662100456621 0.048801369863013686 0.0593607305936073
38 0.07641267123287672 0.5399543378995434 0.0526541095890411 0.07990867579908681
38 0.11365582191780824 0.5194063926940639 0.04494863013698632 0.093607305936073
14 0.4758133561643836 0.9063926940639269 0.09888698630136986 0.17808219178082182
14 0.14319349315068494 0.6792237442922375 0.132277397260274 0.13926940639269403
52 0.226027397260274 0.0958904109589041 0.0898972602739726 0.1917808219178082
46 0.4636130136986301 0.39840182648401823 0.05650684931506845 0.06621004566210054
32 0.504708904109589 0.26940639269406397 0.2003424657534247 0.3789954337899544
32 0.41994863013698636 0.5582191780821918 0.17465753424657535 0.31735159817351594
50 0.11558219178082192 0.6244292237442922 0.22345890410958905 0.7237442922374429
50 0.4931506849315069 0.8036529680365296 0.4315068493150685 0.39269406392694056
13 0.24721746575342465 0.39041095890410965 0.355736301369863 0.7762557077625571
