9 0.5824495827538247 0.6210013908205841 0.2667767732962448 0.7579972183588317
34 0.7885952712100139 0.4951321279554937 0.03442280945758 0.06119610570236432
32 0.762778164116829 0.09040333796940192 0.23783031988873446 0.18080667593880384
32 0.6923678720445063 0.2983310152990264 0.16429068150208628 0.21001390820584145
27 0.26130041724617525 0.4130737134909596 0.1517732962447844 0.16411682892906818
34 0.34657510431154387 0.4443671766342142 0.015646731571627298 0.020862308762169733
0 0.41776773296244785 0.4283727399165507 0.06415159944367176 0.2475660639777469
21 0.15372913769123783 0.109874826147427 0.043028511821975 0.10570236439499306
4 0.2757736439499305 0.09318497913769123 0.12752086230876217 0.13630041724617523
4 0.31254346314325454 0.27468706536856746 0.09779207232267041 0.08762169680111263
4 0.3101964534075104 0.6105702364394994 0.12908553546592486 0.09457579972183588
50 0.2573887343532684 0.4617524339360222 0.3129346314325453 0.7927677329624478
13 0.43458796940194716 0.3720445062586926 0.18384909596662033 0.7162726008344923
