9 0.3990553021430969 0.5358511805534363 0.19043369591236115 0.5332032442092896
9 0.6105068325996399 0.3407241702079773 0.1791294664144516 0.616085946559906
2 0.3969254032258064 0.5544354838709677 0.19959677419354832 0.16129032258064513
17 0.21150453629032256 0.6985887096774194 0.18485383064516128 0.12701612903225792
4 0.1893901209677419 0.4002016129032258 0.08845766129032258 0.05040322580645167
50 0.875945060483871 0.6802419347147787 0.2481098790322581 0.6145161274940736
45 0.05670362903225805 0.4397177388591152 0.11340725806451613 0.471370973894673
45 0.1820186491935484 0.34274193548387094 0.21433971774193547 0.5201612903225806
5 0.41620463709677424 0.12399193548387095 0.027217741935483916 0.1350806451612903
55 0.7859122983870966 0.16129032258064516 0.18825604838709664 0.3225806451612903
