1 0.6325254104769351 0.8278014928541978 0.14698983580922578 0.3144254409832752
23 0.23064894448788117 0.4904202121531172 0.06254886630179829 0.17947292870284287
9 0.11336982017200939 0.5973884109240233 0.21892103205629396 0.8052231781519535
16 0.31352619233776385 0.2991215478380715 0.05629397967161846 0.32833807111527846
16 0.612587959343237 0.33042496563507895 0.09616888193901488 0.3881623806828927
9 0.6974198592650508 0.3791191710970906 0.15011727912431583 0.4020750108148961
34 0.8440187646598907 0.24764481634965918 0.030492572322126675 0.033390312316807995
13 0.42298670836591085 0.1933855588348462 0.11415168100078184 0.3867711176696924
9 0.2587959343236904 0.5488532587075311 0.25957779515246293 0.7526732901413798
50 0.7974980453479286 0.3352943861812801 0.1876465989053951 0.4674643724353117
