6 0.5727071166038513 0.89150071144104 0.16507594287395477 0.21345113217830658
6 0.6878746747970581 0.5538920164108276 0.10904236137866974 0.16976231336593628
21 0.865866482257843 0.142353169070072 0.05710258334875107 0.11010956874214232
44 0.09430002421140671 0.08096159249544144 0.14244920015335083 0.15858012437820435
44 0.6775615811347961 0.0768333300948143 0.13539384305477142 0.15320801734924316
5 0.9221516847610474 0.12317674607038498 0.10278300940990448 0.2175847440958023
44 0.5977267026901245 0.16091185808181763 0.11336708068847656 0.1337704062461853
8 0.36013986013986016 0.5148925148925149 0.11655011655011652 0.1885521885521885
44 0.8018648018648007 0.07977207977207976 0.11888111888111846 0.15954415954415951
43 0.7709790209790209 0.22999222999222999 0.14568764568764578 0.1326081326081326
6 0.7837995337995338 0.20098420098420097 0.0804195804195804 0.09116809116809116
