1 0.04430650684931507 0.44406392694063923 0.08861301369863014 0.1666666666666667
35 0.24400684931506852 0.2374429223744292 0.03852739726027398 0.06849315068493152
38 0.24015410958904113 0.22945205479452058 0.03082191780821919 0.08904109589041095
38 0.2722602739726028 0.2557077625570776 0.04366438356164387 0.045662100456620995
10 0.1752996575342466 0.2054794520547945 0.0218321917808219 0.041095890410958874
29 0.2510702054794521 0.3755707762557077 0.01669520547945204 0.029680365296803686
29 0.36601027397260283 0.2363013698630137 0.06678082191780824 0.08904109589041098
14 0.24978595890410957 0.38470319634703193 0.10145547945205483 0.09817351598173517
52 0.47003424657534254 0.07191780821917809 0.07448630136986303 0.14383561643835618
28 0.8752140410958904 0.02054794520547945 0.08347602739726029 0.0410958904109589
46 0.5824058219178082 0.46347031963470314 0.047517123287671194 0.09589041095890416
32 0.6703767123287672 0.39611872146118715 0.17722602739726034 0.4497716894977168
32 0.5149828767123288 0.5445205479452055 0.11815068493150684 0.3356164383561643
50 0.19456335616438356 0.31963470319634707 0.24785958904109587 0.6301369863013699
50 0.4931506849315069 0.7511415525114156 0.32876712328767127 0.497716894977169
13 0.4392123287671233 0.2831050228310502 0.3313356164383562 0.5570776255707763
