6 0.3723479211330414 0.6917299032211304 0.10945548862218857 0.1167992502450943
5 0.7732933759689331 0.5346499085426331 0.05711822584271431 0.22837691009044647
44 0.11741949617862701 0.6251448392868042 0.21873538196086884 0.22659844160079956
21 0.6689571014373175 0.4436834354191918 0.03964576870203018 0.12639030814170837
12 0.8032179474830627 0.5868708491325378 0.041951943188905716 0.1003028005361557
44 0.5594405594405595 0.6008806008806009 0.1515151515151515 0.17404817404817408
43 0.6724941724941725 0.7324527324527327 0.16317016317016309 0.1429681429681429
21 0.7208624708624708 0.5863765863765864 0.04545454545454561 0.11603211603211612
21 0.6672494172494173 0.549080549080549 0.038461538461538394 0.08288008288008292
21 0.7045454545454546 0.5532245532245532 0.029137529137529157 0.13675213675213668
