21 0.33451223373413086 0.683819055557251 0.0855030044913292 0.12285054475069046
6 0.4384203553199768 0.6996017098426819 0.11353597790002823 0.13051289319992065
12 0.765402272725717 0.635266244411469 0.05849643081148698 0.11897023767232891
5 0.6950276462070316 0.5060395999944015 0.06261460004604531 0.24439812286611495
43 0.6474358974358974 0.7376327376327376 0.18764568764568765 0.1699041699041699
44 0.5664335664335665 0.4693084693084693 0.16550116550116556 0.18026418026418028
44 0.5536130536130536 0.6102046102046103 0.10722610722610718 0.12639212639212638
21 0.8240466261719661 0.5308328582890033 0.04629222054146922 0.16328825587819856
21 0.8555661511546336 0.549152150606959 0.040855663071594 0.17293402358346474
21 0.6431167661216881 0.536049163456141 0.0365057065915002 0.10114135159549825
55 0.2016317016317014 0.33877233877233875 0.4032634032634028 0.6775446775446775
