24 0.43065920128738155 0.7933785984187902 0.12077534791252492 0.14512922465208752
14 0.6403913038496333 0.8833777713194618 0.1341948310139165 0.11133200795228645
34 0.6200919483101393 0.7375745526838966 0.052559642147117384 0.05964214711729625
5 0.4517892644135189 0.49204771371769385 0.03802186878727632 0.13320079522862827
5 0.5160909542743538 0.30019880715705766 0.030193836978131258 0.16699801192842942
42 0.73918986083499 0.2107355864811133 0.04920477137176931 0.18687872763419486
42 0.4048210735586481 0.26838966202783304 0.0849900596421471 0.23061630218687873
7 0.4730367793240557 0.2673956262425447 0.044731610337972114 0.09741550695825048
18 0.4775099403578526 0.35188866799204777 0.06486083499006037 0.07157057654075544
7 0.5773180995771022 0.38337940670508985 0.12301192842942343 0.05367793240556667
43 0.5557902584493042 0.5228628230616302 0.07604373757455264 0.05566600397614323
27 0.4892519880715706 0.6819085487077535 0.1845178926441352 0.2584493041749504
13 0.19681908548707752 0.5208747514910538 0.19010934393638174 0.8866799204771373
4 0.7207380715705766 0.47713717693836977 0.07492544731610337 0.11133200795228632
4 0.7928677932405566 0.283300198807157 0.05815109343936399 0.10139165009940353
4 0.9136431411530817 0.29025844930417494 0.12972166998011914 0.0715705765407555
