27 0.4875745526838966 0.68389662027833 0.18563618290258446 0.2544731610337972
5 0.44507952286282304 0.49304174950298213 0.03354870775347912 0.12723658051689868
18 0.4657678926441352 0.3538767395626243 0.05479622266401584 0.10337972166998015
7 0.5479622266401591 0.3389662027833002 0.09617296222664017 0.09343936381709735
4 0.7895129224652088 0.2912524850894632 0.07380715705765425 0.08151093439363816
4 0.8923956262425448 0.2912524850894632 0.10064612326043744 0.06958250497017897
4 0.7212972166998012 0.4681908548707753 0.06038767395626238 0.09343936381709746
14 0.641339463220676 0.8518886679920477 0.12413021868787269 0.1292246520874751
24 0.662027833001988 0.7296222664015903 0.06486083499005964 0.07157057654075544
34 0.617296222664016 0.742544731610338 0.04920477137176946 0.05367793240556665
42 0.5966078528827038 0.6262425447316103 0.052559642147117315 0.23459244532803183
43 0.5507579522862823 0.536779324055666 0.07716202783300212 0.05566600397614316
13 0.18004473161033802 0.4950298210735587 0.24602385685884695 0.9304174950298212
