34 0.019905821917808222 0.5319634703196346 0.03210616438356165 0.031963470319634694
35 0.07448630136986303 0.4246575342465754 0.048801369863013706 0.050228310502283054
38 0.11494006849315071 0.40639269406392686 0.042380136986301394 0.09132420091324199
38 0.07577054794520549 0.432648401826484 0.053938356164383576 0.07077625570776255
34 0.4803082191780822 0.6815068493150684 0.06678082191780817 0.05707762557077615
5 0.3666523972602739 0.5091324200913241 0.06292808219178055 0.19178082191780818
43 0.9231592465753425 0.30730593258931754 0.15368150684931506 0.2401826414343429
46 0.4661815068493151 0.32305936073059355 0.056506849315068525 0.0662100456621004
25 0.4610445205479452 0.7773972602739727 0.020547945205479506 0.06164383561643845
29 0.13934075342465754 0.5422374429223745 0.014126712328767112 0.01598173515981742
14 0.1464041095890411 0.5684931506849314 0.1309931506849315 0.1187214611872146
14 0.46875 0.7910958904109588 0.09760273972602747 0.15296803652968025
29 0.19071061643835616 0.3105022831050228 0.08861301369863014 0.0730593607305936
32 0.5149828767123288 0.18721461187214608 0.20804794520547942 0.3607305936073059
32 0.4167380136986301 0.4474885844748859 0.15025684931506844 0.29680365296803657
50 0.11237157534246575 0.5342465753424657 0.21960616438356165 0.7990867579908675
50 0.4764554794520545 0.7283105022831046 0.3210616438356172 0.5205479452054788
13 0.22923801369863014 0.3390410958904109 0.22988013698630141 0.6689497716894977
