41 0.7218371975806451 0.4657258064516129 0.18485383064516128 0.16532258064516128
50 0.6781754032258064 0.6149193548387096 0.2789818548387097 0.4274193548387097
55 0.27161038306451607 0.22681451612903225 0.25516633064516125 0.4536290322580645
0 0.7056861415912136 0.15849631263029995 0.04267623856063551 0.13213117556850945
40 0.09242001174620768 0.17033783570820318 0.04149469915135855 0.09120451045793555
40 0.675641951920887 0.06768506137311212 0.01611549080312187 0.06661069531957065
40 0.8708408342737013 0.10385538517567468 0.01571260353304396 0.048704594427212956
21 0.8934025213980721 0.027575395374230864 0.025381898014917113 0.05085332653429588
21 0.8575455543611258 0.029366005463466634 0.041497388818039126 0.05586703478415603
13 0.5959551411290324 0.3931451612903226 0.16897681451612903 0.5241935483870969
21 0.9528157344570164 0.4409244973860919 0.02159541156392976 0.06049623710838198
21 0.975556357240245 0.4447055122053658 0.019959395536359826 0.06107793169596267
