6 0.7097989916801453 0.7621899843215942 0.13418197631835938 0.189646914601326
21 0.76620618405042 0.06889593601226807 0.0442097969353199 0.13779187202453613
6 0.44796791672706604 0.33746880292892456 0.10173626244068146 0.11178608983755112
5 0.8762137463320664 0.14341734278907559 0.0725092064580576 0.23487291343431035
21 0.8199300699300699 0.21963221963221963 0.05477855477855471 0.1201761201761202
12 0.9061771561771562 0.20927220927220927 0.04079254079254071 0.10774410774410775
8 0.5734265734265734 0.2569282569282569 0.20046620046620034 0.5097125097125096
44 0.20046620046620048 0.2735042735042735 0.19813519813519823 0.21548821548821548
43 0.7564102564102564 0.3698523698523698 0.17016317016317017 0.14711214711214715
21 0.758158508158508 0.1813001813001813 0.03846153846153854 0.10567210567210567
