1 0.18685787671232876 0.4885844748858447 0.08604452054794519 0.1461187214611873
21 0.3255565068493151 0.03881278538812785 0.04238013698630137 0.0776255707762557
19 0.24400684931506852 0.8881278538812785 0.11558219178082194 0.14155251141552497
29 0.3782106164383562 0.42123287671232873 0.01669520547945204 0.015981735159817347
29 0.47838184931506844 0.273972602739726 0.06035958904109585 0.0730593607305936
35 0.36922089041095896 0.2888127853881279 0.03210616438356169 0.057077625570776294
38 0.36665239726027393 0.2796803652968036 0.03467465753424655 0.09817351598173513
38 0.3974743150684932 0.3105022831050228 0.03467465753424662 0.041095890410958874
10 0.3062928082191781 0.2602739726027397 0.019263698630137008 0.03652968036529678
5 0.5535102739726028 0.5719178082191781 0.046232876712328806 0.21232876712328774
34 0.601027397260274 0.8230593607305937 0.06934931506849316 0.06164383561643845
14 0.37885273972602745 0.4349315068493151 0.09246575342465753 0.10730593607305934
52 0.5862585616438356 0.07648401826484019 0.06292808219178077 0.15296803652968038
46 0.7082619863013698 0.49200913242009137 0.044948630136986197 0.0844748858447489
32 0.7981592465753425 0.4246575342465754 0.18878424657534254 0.4977168949771689
32 0.628638698630137 0.5901826484018265 0.1399828767123288 0.363013698630137
50 0.3229880136986301 0.34931506849315064 0.2298801369863014 0.6894977168949771
50 0.6196489726027398 0.7853881278538813 0.3454623287671233 0.4292237442922374
13 0.5695633561643835 0.3025114155251141 0.3377568493150684 0.595890410958904
