10 0.21960616438356165 0.4018264840182648 0.010273972602739719 0.031963470319634694
29 0.3030821917808219 0.5468036529680366 0.012842465753424683 0.025114155251141596
14 0.300513698630137 0.5605022831050228 0.0976027397260274 0.08447488584474883
21 0.23565924657534246 0.16666666666666663 0.04238013698630137 0.11415525114155249
52 0.5085616438356165 0.13013698630136986 0.0898972602739726 0.2602739726027397
34 0.5490154109589042 0.9600456621004565 0.06035958904109592 0.07077625570776248
46 0.6312071917808219 0.5821917808219177 0.04238013698630134 0.09132420091324199
29 0.3981164383561644 0.3881278538812785 0.05907534246575345 0.06392694063926939
1 0.09439212328767123 0.6449771689497718 0.08604452054794522 0.16666666666666663
32 0.7121147260273972 0.5034246575342466 0.19648972602739734 0.4452054794520548
32 0.5618578767123288 0.6803652968036531 0.13227739726027402 0.34703196347031967
28 0.8919092465753425 0.06506849315068491 0.08347602739726014 0.12100456621004564
50 0.2562071917808219 0.4486301369863014 0.22988013698630133 0.728310502283105
50 0.534888698630137 0.8356164383561644 0.2863869863013699 0.32876712328767127
13 0.4841609589041096 0.3687214611872146 0.3236301369863014 0.728310502283105
