5 0.617722602739726 0.4132420091324201 0.038527397260274016 0.1735159817351598
27 0.3570205479452055 0.6860730593607306 0.1464041095890411 0.16210045662100447
1 0.5413099315068493 0.6038812785388129 0.07320205479452056 0.16210045662100447
16 0.2594178082191781 0.30821917808219174 0.13869863013698633 0.2968036529680365
49 0.2773972602739726 0.4611872146118721 0.11558219178082194 0.10958904109589042
2 0.1855736301369863 0.5251141552511416 0.13741438356164382 0.1461187214611873
41 0.061001712328767124 0.6383561608998198 0.12200342465753425 0.5004566140370826
32 0.9475599315068493 0.8036529680365296 0.10488013698630126 0.39269406392694056
29 0.717251712328767 0.5719178082191781 0.011558219178082111 0.025114155251141454
29 0.8488869863013698 0.4337899543378995 0.06678082191780817 0.07305936073059356
14 0.7204623287671234 0.5913242009132421 0.10787671232876718 0.11872146118721454
35 0.7178938356164383 0.4394977168949772 0.03339041095890408 0.06164383561643831
38 0.7198202054794521 0.44178082191780815 0.026969178082191833 0.10730593607305941
38 0.7544948630136986 0.45890410958904115 0.04751712328767141 0.0593607305936073
10 0.6607448630136986 0.4132420091324201 0.019263698630137042 0.04109589041095894
21 0.6857876712328768 0.1872146118721461 0.041095890410958874 0.1141552511415525
50 0.6806506849315069 0.4623287671232877 0.29280821917808225 0.7694063926940639
13 0.8642979452054794 0.4098173515981736 0.25941780821917804 0.8150684931506851
