6 0.46980616450309753 0.6033365726470947 0.10078592598438263 0.10648990422487259
5 0.8845083117485046 0.5257104635238647 0.07676925510168076 0.22537025809288025
12 0.9132545590400696 0.5865005850791931 0.05078925937414169 0.1048685684800148
44 0.2505827505827506 0.49624449624449624 0.1841491841491842 0.18855218855218858
44 0.6684149184149186 0.5501165501165501 0.15268065268065278 0.17612017612017605
21 0.8269230769230768 0.5687645687645688 0.043123543123543155 0.10152810152810147
21 0.7837995337995338 0.41232841232841233 0.04079254079254071 0.11603211603211605
21 0.770979020979021 0.5097125097125097 0.043123543123543155 0.09531209531209534
43 0.7634032634032636 0.7127687127687129 0.17016317016317026 0.1408961408961408
55 0.2715617715617716 0.27764827764827765 0.5407925407925408 0.547008547008547
