7 0.5233598409542745 0.49304174950298213 0.046968190854870785 0.11133200795228632
7 0.5591451292246522 0.34691848906560635 0.09393638170974151 0.08548707753479129
5 0.49931660039761433 0.30019880715705766 0.02795725646123259 0.16302186878727631
5 0.44396123260437376 0.49005964214711734 0.03131212723658052 0.11729622266401592
27 0.49092942345924456 0.6749502982107356 0.18787276341948314 0.2524850894632206
24 0.40985337972167 0.8031809145129225 0.11294731610337977 0.14314115308151087
14 0.638564053078583 0.8883596545677968 0.12972166998011908 0.10934393638170949
22 0.7212972166998013 0.2176938369781312 0.10288270377733597 0.15308151093439362
42 0.39363817097415504 0.25347912524850896 0.09169980119284298 0.2524850894632207
18 0.46241302186878724 0.3429423459244533 0.04137673956262425 0.08151093439363816
13 0.21974403578528828 0.5815109343936381 0.20017395626242546 0.7574552683896618
4 0.8102012922465209 0.28230616302186884 0.05703280318091444 0.1073558648111332
4 0.9091699801192843 0.29025844930417494 0.09393638170974143 0.08349900596421471
4 0.7296843936381712 0.46918489065606367 0.07492544731610337 0.09145129224652088
