6 0.49301567673683167 0.6984939575195312 0.11542053520679474 0.14948831498622894
5 0.7981597781181335 0.6158066391944885 0.09610672295093536 0.254544734954834
26 0.40345966815948486 0.8960686326026917 0.0912708267569542 0.1606377512216568
43 0.3954153060913086 0.631405770778656 0.08532543480396271 0.12597882747650146
12 0.8566302061080933 0.785188615322113 0.08505935966968536 0.1355404257774353
43 0.703962703962704 0.8370888370888371 0.19347319347319342 0.2320642320642321
43 0.7383449883449883 0.6174566174566175 0.043123543123543016 0.11603211603211612
43 0.9423076923076923 0.7003367003367004 0.06177156177156177 0.1781921781921781
43 0.9679487179487184 0.7341103364815521 0.06410256410256358 0.1835793883218199
44 0.6637529137529138 0.5148925148925149 0.1643356643356644 0.22584822584822598
44 0.6264568764568764 0.64024864024864 0.11538461538461535 0.15747215747215745
