0 0.396009513742072 0.394291754756871 0.08800211416490492 0.10782241014799154
6 0.06005549682875265 0.4270613107822412 0.058271670190274856 0.0634249471458774
6 0.594014270613108 0.5401691331923889 0.04400105708245235 0.04862579281183933
9 0.5125528541226216 0.7357293868921776 0.15221987315010566 0.5285412262156448
9 0.7111522198731501 0.7811839323467231 0.14270613107822414 0.4291754756871037
9 0.36984672304439753 0.6955602536997886 0.15935517970401697 0.5623678646934461
20 0.6998546511627908 0.49365750528541225 0.01783826638477805 0.08245243128964055
20 0.7194767441860467 0.5031712473572939 0.016649048625792914 0.07188160676532768
20 0.7480179704016914 0.5052854122621564 0.026162790697674437 0.07188160676532775
21 0.3282241014799155 0.40274841437632136 0.052325581395348875 0.09936575052854124
21 0.3793604651162791 0.4175475687103594 0.035676532769556034 0.09936575052854124
22 0.7932082452431292 0.4852008456659619 0.04519027484143763 0.12050739957716701
7 0.6065010570824525 0.2653276955602537 0.08562367864693442 0.05708245243128964
38 0.10762420718816068 0.38372093023255816 0.03924418604651162 0.08668076109936579
39 0.07551532769556026 0.4693446088794926 0.07492071881606767 0.016913319238900684
39 0.1218948202959831 0.4408033826638477 0.04875792811839323 0.023255813953488413
