27 0.8201038241386414 0.19118203222751617 0.16446234285831451 0.24932104349136353
12 0.35322436690330505 0.09116537123918533 0.04514913633465767 0.07910274714231491
17 0.4067599067599066 0.7852887852887853 0.20979020979020985 0.3315203315203315
50 0.6754079254079255 0.6357161357161356 0.6491841491841492 0.7285677285677283
21 0.2427184286796958 0.11498408846717205 0.061201208377688304 0.05440107411350073
21 0.026427794526729064 0.12982074504358135 0.04033716006711278 0.091492715554524
21 0.05181238663792935 0.11374770041913795 0.041032628344131974 0.09643826774666046
21 0.08171752254975433 0.10632937213093328 0.03546888212797846 0.09643826774666042
20 0.15126435025167292 0.16196683429246816 0.038250755236055235 0.09396549165059222
20 0.18499456168710343 0.15640308807631467 0.040337160067112805 0.09272910360255811
7 0.3046151053344032 0.045746357777262006 0.06537401803980335 0.06429217849777363
22 0.12275015089388625 0.10571117810691603 0.0869335346273981 0.1965856996374228
