27 0.1643369346857071 0.5788044333457947 0.17915430665016174 0.18024834990501404
10 0.5342170000076294 0.49335819482803345 0.10468139499425888 0.12784235179424286
0 0.3918220766129031 0.7499999999999996 0.3322832661290321 0.40322580645161277
50 0.3050655241935484 0.8102822572954238 0.6101310483870968 0.33508064669947474
41 0.5194052419354839 0.40725806451612906 0.17464717741935487 0.1491935483870968
13 0.6498235887096775 0.23286290322580647 0.1678427419354837 0.45362903225806456
13 0.9059979838709676 0.27943548079459885 0.18800403225806478 0.5588709615891976
19 0.8290371975084179 0.46632421207406827 0.07693465192878123 0.07663988314744487
19 0.8784478144799196 0.5246884307786611 0.06565974604266685 0.08017710852348088
19 0.9262003570564048 0.5582920718510023 0.0683126650746938 0.05541653089122939
41 0.0408266129032258 0.5917338709677419 0.0816532258064516 0.22379032258064513
