9 0.1811315268278122 0.49495911598205566 0.22225983440876007 0.5929505228996277
27 0.7279433012008667 0.6658841371536255 0.1801120787858963 0.2502858340740204
4 0.5222423672676086 0.8094996213912964 0.08007971197366714 0.10742560774087906
9 0.3111863136291504 0.9208619594573975 0.14705391228199005 0.15369431674480438
5 0.4639510214328766 0.0472109280526638 0.015868568792939186 0.0845908671617508
22 0.489896993072191 0.2634627669545066 0.03460148442613658 0.11619263906060652
20 0.3983472321947048 0.2596181575738247 0.021625927766335307 0.06920296885227298
21 0.43655303791523054 0.2673073763351884 0.02979572270028413 0.041863524367424354
21 0.42549978594577026 0.23398742836927922 0.01730074221306829 0.05211581604924266
21 0.44256024007254596 0.23398742836927922 0.014897861350142065 0.04698967020833354
21 0.4598609822856142 0.2506474023522339 0.017781318385653506 0.05297017368939422
7 0.5408380673662253 0.28225863503784 0.02883457035511377 0.04955274312878807
21 0.4851416462247888 0.0786009028939397 0.020664775421164877 0.042717882007575925
5 0.5197431306509253 0.06663989593181845 0.01874247073082394 0.08201833345454577
5 0.5557863435948174 0.0786009028939397 0.012975556659801199 0.07005732649242452
5 0.43179769106782845 0.044426597287878955 0.017781318385653506 0.08543576401515184
41 0.8641633064516128 0.6058467741935484 0.19279233870967744 0.25201612903225806
