6 0.5364235043525696 0.7537807822227478 0.10950736701488495 0.12020636349916458
21 0.4476461410522461 0.7221633195877075 0.0734405517578125 0.10756615549325943
12 0.8762737512588501 0.7545956373214722 0.05614929273724556 0.1241472065448761
5 0.8152301875583496 0.6211942962894969 0.061949188692933504 0.25559507451258706
44 0.674564613458287 0.5581968417170746 0.15482727760480833 0.1786700747408309
44 0.6600778506414626 0.6893825272249817 0.10593445309802632 0.12233266378651479
21 0.7629621003977676 0.6412683612107096 0.03835357142658708 0.1032788982206133
21 0.7556297999779791 0.5189380157455166 0.03496943277129979 0.11531139121718943
43 0.7534965034965034 0.831908831908832 0.18764568764568765 0.15540015540015545
55 0.25815850815850805 0.37917637917637925 0.5163170163170161 0.7583527583527585
