28 0.854666095890411 0.06050228310502282 0.06292808219178085 0.08904109589041095
46 0.6530393835616439 0.6689497716894977 0.04751712328767134 0.07305936073059356
29 0.4077482876712329 0.5593607305936072 0.06549657534246578 0.06392694063926939
29 0.32234589041095896 0.7511415525114156 0.015410958904109612 0.013698630136986197
5 0.2863869863013699 0.6529680365296804 0.03339041095890408 0.16438356164383555
35 0.29922945205479456 0.6301369863013698 0.025684931506849296 0.08219178082191775
38 0.3351883561643836 0.632420091324201 0.05136986301369863 0.0593607305936073
38 0.3024400684931507 0.6244292237442922 0.026969178082191795 0.07990867579908681
10 0.2266695205479452 0.6267123287671234 0.019263698630136973 0.03424657534246577
21 0.21896404109589043 0.39840182648401823 0.05265410958904109 0.10730593607305927
1 0.12264554794520549 0.9041095890410957 0.10402397260273971 0.1689497716894978
14 0.3255565068493151 0.7705479452054794 0.09118150684931503 0.07534246575342465
32 0.7217465753424658 0.5445205479452055 0.2491438356164383 0.4360730593607306
32 0.5933219178082192 0.8162100456621004 0.1772260273972603 0.34474885844748854
50 0.2517123287671233 0.6666666666666665 0.24143835616438358 0.6666666666666667
50 0.6324914383561644 0.9200913242009132 0.3660102739726028 0.15981735159817362
13 0.48030821917808225 0.48173515981735165 0.2131849315068493 0.863013698630137
