10 0.6734176874160767 0.09796206653118134 0.08075256645679474 0.16150625050067902
52 0.34135584677419345 0.5725806451612899 0.23135080645161296 0.4758064516129028
0 0.7672001008064515 0.5826612903225806 0.057837701612903206 0.16935483870967744
21 0.9616935483870966 0.42842741935483875 0.05670362903225808 0.09879032258064513
0 0.8647303427419354 0.3820564516129032 0.1032006048387096 0.17137096774193544
40 0.7246723790322581 0.47177419354838707 0.027217741935483843 0.0887096774193548
40 0.9889112903225805 0.5362903225806452 0.020413306451612954 0.06048387096774192
55 0.1984627016129032 0.5564516129032258 0.3084677419354838 0.7419354838709676
28 0.506930443548387 0.04838709677419354 0.045362903225806404 0.0564516129032258
13 0.629977318548387 0.6360887096774193 0.2279485887096772 0.7278225806451615
40 0.9650957661290324 0.17943548387096775 0.0680443548387096 0.1693548387096774
