27 0.48589711729622265 0.6660039761431412 0.1822813121272366 0.25049701789264417
24 0.42159542743538764 0.7972166998011929 0.12972166998011922 0.11928429423459236
34 0.6195328031809145 0.7335984095427435 0.04249502982107359 0.0596421471172961
42 0.4042619284294235 0.25347912524850896 0.07492544731610337 0.24055666003976145
43 0.5552311133200796 0.5238568588469186 0.07716202783300197 0.049701789264413564
5 0.45458499005964215 0.47813121272365805 0.02795725646123266 0.1292246520874752
5 0.5116177932405567 0.3101391650099404 0.03690357852882698 0.17097415506958252
7 0.4708001988071571 0.2624254473161034 0.04249502982107352 0.09940357852882706
18 0.472477634194831 0.34890656063618297 0.03914015904572565 0.06163021868787275
7 0.5695107236661585 0.34010075612826546 0.102882703777336 0.057654075546719696
4 0.7252112326043738 0.4681908548707754 0.07939860834990058 0.10934393638170974
4 0.8006958250497018 0.28628230616302186 0.06933399602385677 0.11133200795228625
4 0.904696819085487 0.29025844930417494 0.10288270377733597 0.07554671968190853
13 0.1917867793240557 0.5208747514910537 0.19570079522862827 0.8906560636182903
14 0.6434111690890503 0.8886016858106277 0.1442594433399602 0.11332007952286291
