0 0.4551282051282051 0.4634377967711301 0.08333333333333336 0.17663817663817669
5 0.1546474358974359 0.7796771130104463 0.0625 0.38366571699905044
16 0.09001068376068376 0.22697056030389365 0.17681623931623933 0.44634377967711303
36 0.5526175213675214 0.6737891737891738 0.09027777777777779 0.059829059829059755
41 0.687767094017094 0.6462488129154796 0.12980769230769226 0.15289648622981963
41 0.3271901709401709 0.5484330484330485 0.125534188034188 0.15479582146248816
55 0.37099358974358976 0.19943019943019943 0.09455128205128205 0.3969610636277303
55 0.4618055555555556 0.21937321937321935 0.07425213675213677 0.4387464387464387
55 0.5467414529914529 0.22412155745489082 0.07638888888888892 0.4425451092117759
55 0.6354166666666667 0.22507122507122507 0.07852564102564116 0.45014245014245013
