21 0.1342037671232877 0.1506849315068493 0.04494863013698632 0.1095890410958904
35 0.19456335616438358 0.4132420091324201 0.039811643835616445 0.0593607305936073
38 0.19584760273972607 0.40639269406392686 0.03467465753424658 0.09132420091324199
38 0.23180650684931506 0.4155251141552511 0.044948630136986266 0.07305936073059356
10 0.1264982876712329 0.4018264840182648 0.02183219178082192 0.031963470319634694
29 0.21703767123287673 0.5513698630136986 0.015410958904109578 0.011415525114155188
29 0.319777397260274 0.3732876712328767 0.07705479452054796 0.07990867579908681
14 0.21896404109589043 0.569634703196347 0.11172945205479454 0.09817351598173517
46 0.5618578767123288 0.545662100456621 0.044948630136986335 0.08675799086757997
32 0.6427654109589043 0.4703196347031964 0.2016267123287672 0.4383561643835617
32 0.5040667808219179 0.6426940639269406 0.13741438356164387 0.35844748858447484
34 0.496361301369863 0.9075342465753425 0.06549657534246578 0.07077625570776248
28 0.8058647260273973 0.0365296803652968 0.05779109589041099 0.0730593607305936
52 0.421875 0.12557077625570776 0.0732020547945205 0.2511415525114155
1 0.023758561643835618 0.6627853880189869 0.047517123287671235 0.1675799088935329
50 0.15346746575342468 0.4611872146118721 0.23758561643835618 0.7579908675799086
50 0.504708904109589 0.8264840182648402 0.35445205479452047 0.3470319634703196
13 0.40196917808219174 0.36757990867579915 0.30308219178082196 0.7305936073059361
