6 0.6370055079460144 0.8858497738838196 0.15757344663143158 0.22445791959762573
6 0.6222716569900513 0.5421468019485474 0.10205027461051941 0.13681776821613312
12 0.7845504283905029 0.09978298842906952 0.03525860980153084 0.0745866596698761
44 0.0974941998720169 0.3013489842414856 0.14459271728992462 0.20943674445152283
44 0.546037296037296 0.16886816886816888 0.10372960372960378 0.15954415954415954
44 0.6602564102564102 0.06526806526806526 0.11072261072261086 0.13053613053613053
44 0.30769230769230765 0.06734006734006732 0.15151515151515152 0.12639212639212638
6 0.6870629370629371 0.1595441595441595 0.06643356643356639 0.05801605801605802
5 0.7616550116550116 0.0777000777000777 0.0524475524475524 0.14296814296814297
8 0.3496503496503496 0.6651126651126654 0.12587412587412583 0.2072002072002074
43 0.678904428904429 0.19062419062419061 0.1363636363636364 0.087024087024087
