6 0.2318398803472519 0.77489173412323 0.12827257812023163 0.14212019741535187
44 0.42737072706222534 0.6145235896110535 0.16085204482078552 0.19207943975925446
21 0.5839160839160839 0.5532245532245532 0.04195804195804193 0.10774410774410775
21 0.5268065268065267 0.4206164206164206 0.044289044289044316 0.11603211603211605
21 0.5227272727272727 0.519036519036519 0.03379953379953385 0.07666407666407672
21 0.5606060606060607 0.5231805231805232 0.034965034965034995 0.11810411810411817
12 0.6590909090909087 0.5387205387205387 0.03146853146853145 0.10774410774410782
5 0.6258741258741258 0.49210049210049206 0.04895104895104893 0.23413623413623413
21 0.7325174825174825 0.5117845117845118 0.04079254079254071 0.13260813260813265
21 0.6969696969696969 0.48692048692048695 0.044289044289044316 0.1408961408961409
43 0.555944055944056 0.7189847189847192 0.15617715617715625 0.14918414918414924
