11 0.5640000000000001 0.8720000000000002 0.18900000000000014 0.19733333333333333
44 0.5595000000000001 0.590666666666667 0.13799999999999996 0.16800000000000007
1 0.9379999999999994 0.8162666625976561 0.12399999999999965 0.25653332519531225
1 0.9157500000000002 0.6866666666666665 0.11549999999999998 0.23733333333333334
21 0.11475000000000005 0.713333333333333 0.12450000000000003 0.248
5 0.12 0.10133333333333333 0.05100000000000003 0.192
6 0.13275000000000003 0.23733333333333334 0.08850000000000001 0.06933333333333337
21 0.024749999999999998 0.236 0.04649999999999999 0.14133333333333334
21 0.06375 0.20800000000000002 0.0555 0.12800000000000003
21 0.17625 0.17866666666666667 0.04050000000000002 0.11199999999999999
21 0.21075000000000002 0.192 0.022499999999999964 0.09066666666666669
21 0.23325000000000004 0.09733333333333334 0.03749999999999996 0.09866666666666667
21 0.24150000000000002 0.18933333333333333 0.03 0.07999999999999999
6 0.5280000000000001 0.22 0.06600000000000002 0.056000000000000015
44 0.4545 0.6413333333333334 0.08700000000000002 0.136
35 0.6607499999999998 0.7359999999999998 0.08549999999999994 0.1546666666666665
35 0.2985 0.19866666666666666 0.038999999999999986 0.09866666666666665
