11 0.11431226765799254 0.49070631970260226 0.18122676579925645 0.18959107806691455
11 0.8420074349442379 0.4349442379182156 0.16449814126394047 0.15241635687732347
21 0.3150557620817844 0.5130111524163569 0.06970260223048332 0.1189591078066914
22 0.39103159851301117 0.4674721189591078 0.07388475836431226 0.13197026022304834
23 0.6259293680297398 0.45817843866171004 0.19516728624535304 0.12081784386617095
26 0.47328066914498135 0.5938661710037175 0.020910780669144983 0.03531598513011154
35 0.48234200743494426 0.5139405204460966 0.08643122676579928 0.07992565055762078
43 0.1986524163568773 0.921003717472119 0.13522304832713755 0.0910780669144981
48 0.483039033457249 0.4693308550185874 0.0822490706319703 0.1096654275092937
6 0.35429936305732485 0.5679405520169851 0.14490445859872614 0.05732484076433124
