27 0.575306236743927 0.4918924868106842 0.14064903557300568 0.1999957263469696
9 0.1452551931142807 0.4016679525375366 0.25596004724502563 0.5706787109375
50 0.3147051411290322 0.4264112903225805 0.3322832661290323 0.4213709677419354
41 0.6526587701612903 0.8629032258064515 0.34589213709677424 0.2741935483870968
41 0.7569934475806451 0.3870967741935484 0.18712197580645168 0.20564516129032256
22 0.392357043335232 0.14178301605250757 0.04331535116449239 0.11260175145486506
7 0.44343646687826566 0.1563122743047482 0.031873560290852934 0.05012594097023026
21 0.3351480889670345 0.1606710517804204 0.03432537262091856 0.03850253436843772
20 0.2971449978510175 0.1563122743047482 0.022066310970590485 0.06320227339724685
21 0.3227700821229654 0.125116711685647 0.017433244018463974 0.03584667043154051
21 0.34041336522598925 0.12362310041766617 0.01575293134198553 0.0380870873335118
21 0.3585817460404126 0.13613209478700583 0.01848343944126313 0.048168963392382566
