21 0.3012528419494629 0.7188698053359985 0.09112747758626938 0.13359753787517548
22 0.48517618708677196 0.731308102607727 0.1200217826591501 0.3341594040393829
5 0.6628018617630005 0.4859994947910309 0.05251598358154297 0.2551005184650421
12 0.7382438931709678 0.6039533615112297 0.05092581512627833 0.11500956118106836
44 0.531582772731781 0.464576780796051 0.1644771546125412 0.1942910999059677
21 0.6107099056243896 0.5193504095077515 0.04236888885498047 0.11126028001308441
5 0.6672344207763672 0.44695279002189636 0.04330984875559807 0.1759854406118393
6 0.39266538619995117 0.7150647044181824 0.078607939183712 0.140397310256958
43 0.641025641025641 0.7272727272727272 0.1888111888111888 0.18233618233618232
21 0.8269230769230768 0.5148925148925149 0.0524475524475524 0.171976171976172
21 0.7832167832167832 0.49313649313649316 0.04895104895104893 0.16161616161616166
55 0.1824009324009324 0.40404040404040387 0.3648018648018648 0.8080808080808077
