21 0.37307363013698636 0.25 0.052654109589041126 0.14840182648401826
29 0.529109589041096 0.7819634703196346 0.023116438356164438 0.015981735159817278
14 0.5303938356164384 0.8162100456621004 0.13869863013698633 0.1118721461187215
35 0.4751712328767123 0.6118721461187215 0.048801369863013665 0.08219178082191782
38 0.5220462328767124 0.6118721461187215 0.055222602739725984 0.10502283105022826
38 0.4726027397260274 0.5981735159817352 0.05393835616438352 0.12785388127853878
10 0.3897688356164384 0.632420091324201 0.019263698630137042 0.03652968036529671
52 0.6806506849315069 0.19292237442922375 0.14640410958904113 0.3858447488584475
13 0.7095462328767124 0.502283105022831 0.25813356164383555 0.9954337899543378
50 0.4456335616438356 0.6084474885844748 0.35188356164383555 0.7831050228310502
29 0.6235017123287672 0.5102739726027398 0.07577054794520549 0.0844748858447489
