21 0.23180650684931506 0.1643835616438356 0.05265410958904106 0.1187214611872146
38 0.2902397260273972 0.41210045662100453 0.0488013698630137 0.06621004566210047
10 0.22089041095890413 0.39954337899543374 0.017979452054794506 0.03652968036529678
29 0.2985873287671233 0.5399543378995434 0.026969178082191795 0.025114155251141596
29 0.3929794520547945 0.386986301369863 0.06678082191780824 0.07990867579908681
34 0.5522260273972602 0.9623287671232876 0.06421232876712338 0.07077625570776248
1 0.09246575342465753 0.6404109589041096 0.08219178082191782 0.17123287671232873
52 0.5059931506849316 0.12442922374429223 0.08476027397260281 0.24885844748858446
28 0.9034674657534247 0.0730593607305936 0.12200342465753422 0.1187214611872146
46 0.6357020547945206 0.5730593607305936 0.05136986301369881 0.07305936073059364
32 0.716609589041096 0.5159817351598173 0.24400684931506852 0.42922374429223736
32 0.5637842465753424 0.678082191780822 0.15154109589041098 0.33333333333333326
50 0.23951198630136986 0.4474885844748859 0.24785958904109592 0.7214611872146119
50 0.5515839041095891 0.83675799086758 0.34803082191780826 0.3264840182648402
13 0.4867294520547945 0.36757990867579904 0.32106164383561653 0.7168949771689498
