6 0.42665061354637146 0.6587196588516235 0.12196197360754013 0.15176142752170563
21 0.8530179858207703 0.6180652976036072 0.06350822746753693 0.15048359334468842
5 0.944232165813446 0.662527859210968 0.11069069057703018 0.2614379823207855
44 0.6584112644195557 0.6284706592559814 0.1844264417886734 0.24721628427505493
44 0.13646884262561798 0.5414566993713379 0.24490126967430115 0.29904693365097046
26 0.19580419580419575 0.5262885262885258 0.1655011655011654 0.08288008288008278
21 0.8426573426573427 0.461020461020461 0.058275058275058314 0.16783216783216787
21 0.8648018648018647 0.6723646723646725 0.06526806526806524 0.13053613053613064
12 0.9714452214452214 0.7293447293447293 0.05710955710955703 0.13260813260813265
43 0.7651515151515151 0.877104377104377 0.1993006993006995 0.2457912457912458
