1 0.24015410958904113 0.545662100456621 0.06421232876712335 0.15525114155251146
34 0.6247859589041096 0.8961187214611871 0.060359589041095986 0.07990867579908681
5 0.5856164383561645 0.6221461187214611 0.04109589041095894 0.184931506849315
46 0.7365154109589043 0.5468036529680366 0.044948630136986335 0.10273972602739725
21 0.366652397260274 0.08789954337899544 0.03724315068493155 0.12557077625570778
35 0.4103167808219178 0.35045662100456626 0.03210616438356169 0.0662100456621004
38 0.4083904109589041 0.3458904109589041 0.04366438356164387 0.093607305936073
38 0.441138698630137 0.35502283105022825 0.04238013698630141 0.047945205479452045
29 0.4167380136986301 0.4737442922374429 0.016695205479452115 0.025114155251141596
29 0.5207619863013698 0.33333333333333337 0.06549657534246578 0.0867579908675799
14 0.4141695205479452 0.4874429223744292 0.10659246575342472 0.11187214611872143
32 0.8283390410958904 0.47146118721461194 0.22345890410958902 0.5365296803652968
32 0.6389126712328766 0.6415525114155249 0.13741438356164382 0.3789954337899543
50 0.3672945205479452 0.3641552511415525 0.2748287671232877 0.728310502283105
13 0.6241438356164384 0.3447488584474886 0.3621575342465754 0.6712328767123289
50 0.7127568493150683 0.7945205479452057 0.5008561643835614 0.41095890410958885
52 0.6318493150684931 0.09132420091324199 0.08476027397260275 0.18264840182648398
10 0.3544520547945206 0.3253424657534246 0.017979452054794506 0.02968036529680372
