1 0.2818921232876712 0.8995433789954325 0.1014554794520544 0.20091324200913152
13 0.7390839041095885 0.4497716894977165 0.30179794520547853 0.8995433789954332
10 0.3961900684931507 0.5034246575342466 0.024400684931506832 0.0342465753424657
35 0.485445205479452 0.4885844748858447 0.038527397260273946 0.07305936073059371
38 0.4835188356164383 0.4748858447488584 0.05779109589041091 0.12785388127853878
38 0.5329623287671234 0.4703196347031964 0.05136986301369859 0.10958904109589049
29 0.5419520547945206 0.6495433789954338 0.017979452054794436 0.025114155251141527
14 0.5387414383561644 0.6643835616438356 0.1348458904109588 0.1735159817351598
52 0.6845034246575342 0.11073059360730593 0.16438356164383575 0.22146118721461186
50 0.44691780821917815 0.521689497716895 0.38270547945205485 0.95662100456621
21 0.3724315068493151 0.12557077625570778 0.05907534246575338 0.14611872146118723
29 0.6292808219178082 0.3744292237442922 0.08219178082191789 0.1004566210045662
