50 0.5799471139907837 0.5981384515762329 0.1576850861310959 0.12535473704338074
36 0.4033531156944371 0.2996838765365729 0.0929861068725586 0.11247202754020691
27 0.10037153214216232 0.4390786588191986 0.13735049962997437 0.07808354496955872
50 0.5761088709677423 0.7358870967741936 0.5647681451612904 0.5120967741935486
45 0.897618447580645 0.46370967741935504 0.18258568548387108 0.5403225806451615
41 0.22114415322580644 0.2530241935483871 0.12928427419354838 0.2358870967741936
39 0.13537919569348844 0.5407525947838009 0.04063383684423796 0.035192838748285805
13 0.5595916800450756 0.2112488995403055 0.16152216741265057 0.4196815290038098
13 0.7821082323548109 0.2785184269165143 0.188630782922466 0.5421723101963094
19 0.6993183334960926 0.4394866457938825 0.06109216898975333 0.04836463378355482
19 0.7277166464249234 0.4713054838093791 0.06061488641952096 0.047516131436474894
19 0.7642287630477058 0.5048213265190356 0.056319343287429074 0.04836463378355482
