10 0.2881860136985779 0.3332071900367737 0.09886288642883301 0.17456918954849243
5 0.38298651576042175 0.361383318901062 0.020485591143369675 0.12861701846122742
5 0.3645188510417938 0.09719137847423553 0.021632099524140358 0.12223075330257416
27 0.9462493638838474 0.8643740665528078 0.1062573679993227 0.25481347210945576
50 0.5057963709677419 0.744959677419355 0.35836693548387083 0.49798387096774205
5 0.45140094580918955 0.11743764443816311 0.027814178945880813 0.10919640623197621
5 0.5044217244247746 0.12567888264435 0.017963323902547897 0.09889485847424265
20 0.4079412912062507 0.4141222198608909 0.02086063420941052 0.07211083430413531
20 0.4308300426304652 0.4166976068003244 0.021440096270782975 0.06902036997681521
22 0.46443884219007103 0.3832175765876902 0.04461857872568359 0.15452321636600408
21 0.34497435718974784 0.3529779514899883 0.016769343603114138 0.06601265418368754
21 0.3663852155401526 0.3628266136061029 0.01706879616745546 0.06335085361176475
21 0.4001988217074635 0.13791623676073453 0.021756159120005093 0.04987376827509957
7 0.5064322700453721 0.39094606804416526 0.04338270116618894 0.05335678130852017
41 0.9332157258064515 0.6786290320657915 0.1335685483870968 0.13548387058319583
