1 0.5445205479452055 0.6118721461187215 0.06934931506849316 0.16894977168949774
21 0.6851455479452055 0.19634703196347034 0.044948630136986197 0.1278538812785388
16 0.2549229452054794 0.3082191780821918 0.13484589041095887 0.30136986301369867
49 0.2722602739726028 0.4474885844748859 0.12071917808219179 0.15525114155251146
2 0.18814212328767124 0.523972602739726 0.11429794520547949 0.13013698630136986
27 0.6793664383561642 0.5182648401826484 0.11044520547945211 0.12785388127853892
5 0.6113013698630136 0.42694063926940645 0.03595890410958901 0.1735159817351598
29 0.716609589041096 0.5742009132420092 0.020547945205479437 0.025114155251141596
14 0.7101883561643837 0.5924657534246576 0.1181506849315069 0.11643835616438353
29 0.8411815068493149 0.432648401826484 0.07448630136986295 0.07534246575342465
35 0.7243150684931507 0.4474885844748859 0.0436643835616438 0.0867579908675799
38 0.7519263698630138 0.46347031963470314 0.052654109589041126 0.0593607305936073
38 0.7236729452054794 0.4406392694063927 0.03210616438356169 0.10958904109589042
10 0.66138698630137 0.4155251141552512 0.015410958904109578 0.05022831050228312
41 0.05586472602739726 0.6942922339591806 0.11172945205479452 0.5757990797905074
32 0.9514126712328768 0.7979452054794521 0.09717465753424648 0.40410958904109584
50 0.688998287671233 0.4703196347031963 0.2761130136986302 0.7579908675799086
13 0.8694349315068493 0.39954337899543374 0.25171232876712324 0.7808219178082192
