0 0.45486111111111116 0.46533713200379867 0.08066239316239318 0.19563152896486222
5 0.15411324786324787 0.7792022792022792 0.0657051282051282 0.3865147198480532
16 0.08733974358974357 0.22554605887939222 0.17467948717948714 0.45109211775878444
36 0.5534188034188035 0.6752136752136753 0.0886752136752137 0.05128205128205124
41 0.6891025641025641 0.647198480531814 0.13141025641025636 0.15479582146248824
41 0.3269230769230769 0.5512820512820512 0.12393162393162395 0.13960113960113965
55 0.3712606837606838 0.2184235517568851 0.09508547008547005 0.4349477682811016
55 0.4615384615384615 0.2260208926875594 0.0790598290598291 0.4444444444444445
55 0.547542735042735 0.23314339981006646 0.08333333333333336 0.46438746438746437
55 0.6351495726495727 0.2374169040835708 0.08226495726495735 0.4672364672364673
