1 0.10081335616438356 0.6324200913242009 0.09375 0.17808219178082182
25 0.537457191780822 0.9063926940639269 0.024400684931506832 0.05936073059360737
14 0.540667808219178 0.91324200913242 0.0976027397260274 0.1735159817351598
34 0.5702054794520548 0.8196347031963469 0.05393835616438359 0.05479452054794521
5 0.49892979452054803 0.5924657534246576 0.047517123287671194 0.17579908675799089
35 0.2671232876712329 0.36073059360730597 0.038527397260274016 0.06849315068493148
38 0.26904965753424664 0.3584474885844749 0.03467465753424658 0.0867579908675799
38 0.30693493150684936 0.36529680365296796 0.046232876712328765 0.06392694063926946
10 0.20355308219178084 0.3664383561643835 0.024400684931506867 0.04337899543378988
21 0.1939212328767123 0.12214611872146118 0.05136986301369863 0.11643835616438354
46 0.6305650684931507 0.45433789954337894 0.04366438356164373 0.08219178082191782
29 0.38077910958904115 0.3105022831050228 0.06035958904109592 0.06849315068493152
29 0.297945205479452 0.49657534246575347 0.017979452054794506 0.020547945205479437
52 0.4661815068493151 0.07077625570776254 0.06164383561643838 0.14155251141552508
9 0.24529109589041098 0.7305936073059361 0.2440068493150685 0.5022831050228311
50 0.23501712328767127 0.2899543378995434 0.24914383561643838 0.4885844748858447
50 0.5836900684931507 0.7819634703196346 0.3660102739726028 0.4360730593607306
13 0.4546232876712329 0.3207762557077626 0.20804794520547942 0.6415525114155252
32 0.700556506849315 0.3447488584474886 0.2350171232876712 0.41095890410958913
32 0.5637842465753425 0.5776255707762556 0.17979452054794534 0.3150684931506849
