1 0.04238013698630137 0.44406392694063923 0.07705479452054796 0.1575342465753426
24 0.34482020547945214 0.6392694063926941 0.0732020547945206 0.15068493150684945
34 0.36536815068493156 0.7442922374429224 0.052654109589041126 0.05022831050228319
35 0.2407962328767123 0.22945205479452052 0.032106164383561654 0.07990867579908674
38 0.2440068493150685 0.22602739726027393 0.028253424657534224 0.11415525114155248
38 0.27675513698630133 0.2397260273972603 0.0449486301369863 0.06849315068493152
10 0.1759417808219178 0.20205479452054792 0.017979452054794506 0.04337899543378995
29 0.2523544520547945 0.3789954337899543 0.011558219178082148 0.022831050228310515
14 0.2465753424657534 0.3881278538812785 0.12071917808219176 0.09132420091324199
29 0.36601027397260283 0.2328767123287671 0.06678082191780824 0.09132420091324199
46 0.5824058219178082 0.4623287671232877 0.0500856164383562 0.08904109589041098
32 0.6748715753424658 0.39383561643835613 0.2016267123287671 0.45433789954337894
28 0.8880565068493153 0.023972602739726026 0.07063356164383564 0.04794520547945205
32 0.5214041095890412 0.54337899543379 0.13356164383561647 0.3470319634703196
50 0.1868578767123288 0.31963470319634707 0.2529965753424658 0.6301369863013699
50 0.5355308219178083 0.7568493150684933 0.4417808219178083 0.48630136986301364
13 0.4398544520547945 0.2796803652968036 0.3377568493150685 0.5502283105022832
