6 0.42726632952690125 0.6915462017059326 0.1055692657828331 0.11294809728860855
44 0.6164409518241882 0.6144213676452637 0.15509071946144104 0.1795642375946045
5 0.8500213623046875 0.5616828203201294 0.06730575859546661 0.23430617153644562
21 0.7938294313448567 0.6089220790472774 0.04141349717974661 0.11911520016869553
12 0.8830722570419312 0.6185177564620972 0.0487850196659565 0.10826043039560318
44 0.18764568764568765 0.612276612276612 0.20046620046620048 0.2134162134162131
47 0.2715617715617715 0.9417249417249417 0.07925407925407925 0.07666407666407665
43 0.7266899766899766 0.7531727531727532 0.17132867132867133 0.15125615125615127
21 0.7447552447552448 0.45998445998446 0.037296037296037386 0.12017612017612017
21 0.7383449883449884 0.5656565656565656 0.04079254079254085 0.10774410774410775
