6 0.42065340280532837 0.6826222538948059 0.10738382488489151 0.11618420481681824
12 0.8510751724243164 0.6285607218742371 0.04213752597570419 0.10415378212928772
5 0.8215104341506958 0.5721326470375061 0.06489887088537216 0.221352219581604
21 0.719888471362196 0.46004893027325117 0.04167328029870987 0.12775392830371857
44 0.6070993542671204 0.6122503280639648 0.14929084479808807 0.17670118808746338
44 0.1818181818181818 0.5894845894845895 0.2121212121212121 0.200984200984201
43 0.7162004662004662 0.7552447552447552 0.15734265734265734 0.1554001554001553
21 0.7657342657342657 0.6153846153846156 0.03962703962703957 0.10774410774410782
21 0.7097902097902097 0.5625485625485624 0.04195804195804186 0.09324009324009318
21 0.7517482517482518 0.5853405853405853 0.03962703962703955 0.10152810152810161
