21 0.1952054794520548 0.11301369863013697 0.04366438356164384 0.10730593607305934
46 0.628638698630137 0.45205479452054786 0.055222602739725984 0.09132420091324199
5 0.4976455479452055 0.5947488584474886 0.04238013698630141 0.19406392694063926
34 0.5740582191780823 0.8162100456621004 0.05393835616438359 0.06621004566210047
1 0.10209760273972603 0.6335616438356165 0.09118150684931507 0.1712328767123288
35 0.2703339041095891 0.3664383561643835 0.03210616438356169 0.05707762557077622
38 0.2684075342465754 0.36073059360730597 0.03595890410958909 0.08219178082191782
38 0.3043664383561644 0.3755707762557078 0.04366438356164377 0.047945205479452115
29 0.38398972602739734 0.3162100456621005 0.06164383561643838 0.07077625570776253
52 0.460402397260274 0.07534246575342465 0.0500856164383562 0.1506849315068493
10 0.20226883561643838 0.3618721461187215 0.019263698630136973 0.0342465753424657
25 0.5387414383561645 0.9029680365296804 0.011558219178082182 0.06164383561643831
14 0.5413099315068493 0.9086757990867579 0.09118150684931514 0.18264840182648398
9 0.23630136986301373 0.7317351598173516 0.23116438356164384 0.5365296803652968
32 0.7089041095890412 0.339041095890411 0.20291095890410957 0.4452054794520548
32 0.5612157534246575 0.567351598173516 0.1669520547945205 0.3584474885844749
50 0.23501712328767127 0.2888127853881279 0.2594178082191781 0.4908675799086758
13 0.5881849315068495 0.7785388127853881 0.32619863013698663 0.44292237442922366
13 0.46875 0.3253424657534246 0.25171232876712324 0.6461187214611871
