22 0.3764106035232544 0.8623485565185547 0.12701407074928284 0.27130481600761414
21 0.5341590642929077 0.11174558103084564 0.09000622481107712 0.22261573374271393
21 0.5077864527702332 0.8196943402290344 0.06764622032642365 0.08333062380552292
21 0.42856964468955994 0.10855242609977722 0.11169910430908203 0.21362780034542084
6 0.655414342880249 0.8728822469711304 0.0849187821149826 0.1032307967543602
44 0.7927283048629761 0.14308880269527435 0.16182944178581238 0.24651078879833221
0 0.21853146853146854 0.7092722092722092 0.18531468531468534 0.5814555814555815
44 0.6456876456876457 0.1388241388241388 0.1282051282051281 0.18233618233618232
21 0.3275058275058276 0.09842009842009841 0.06993006993006995 0.18440818440818435
21 0.22086247086247085 0.09427609427609428 0.09673659673659675 0.18855218855218855
