0 0.526541095890411 0.31735159817351594 0.10273972602739719 0.24200913242009134
5 0.8405393835616439 0.75 0.09118150684931507 0.43150684931506844
14 0.37628424657534254 0.6986301369863014 0.24657534246575344 0.16894977168949754
16 0.7461472602739727 0.4337899543378995 0.1181506849315069 0.2831050228310502
30 0.030179794520547948 0.5388127853881278 0.0449486301369863 0.10045662100456625
39 0.7744006849315069 0.839041095890411 0.09246575342465746 0.093607305936073
41 0.28051097863861235 0.4850888696711323 0.18588774706135877 0.1285245755708883
50 0.8473886986301364 0.5091324200913235 0.3052226027397251 0.9817351598173503
41 0.4713184931506849 0.2568493150684932 0.21832191780821922 0.12100456621004571
41 0.47838184931506844 0.3458904109589041 0.22474315068493148 0.10273972602739725
