6 0.4235115647315979 0.705505907535553 0.11166562885046005 0.12427131086587906
44 0.6159267425537109 0.6140161752700806 0.1600305587053299 0.1858905404806137
21 0.7853167057037354 0.5975084900856018 0.05169105529785156 0.11610276997089386
12 0.8751729130744934 0.6006873250007629 0.04316539689898491 0.10831960290670395
44 0.16899766899766896 0.6392126392126392 0.219114219114219 0.21756021756021743
43 0.7365967365967364 0.7562807562807563 0.17715617715617715 0.15332815332815325
21 0.7331002331002331 0.44548044548044546 0.03962703962703955 0.12017612017612009
21 0.7208624708624708 0.549080549080549 0.043123543123543155 0.09116809116809108
5 0.8426573426573427 0.5293965293965295 0.05827505827505816 0.21341621341621336
21 0.7616550116550117 0.5698005698005698 0.038461538461538394 0.1326081326081326
