1 0.2388698630136986 0.5399543378995433 0.07191780821917809 0.17579908675799089
21 0.36665239726027393 0.09817351598173517 0.03467465753424655 0.11872146118721462
24 0.4000428082191781 0.4200913242009133 0.09888698630136986 0.07762557077625573
29 0.4173801369863014 0.478310502283105 0.015410958904109649 0.025114155251141527
29 0.5220462328767124 0.3276255707762557 0.06549657534246571 0.07534246575342457
14 0.41224315068493156 0.4794520547945206 0.11301369863013697 0.10958904109589042
35 0.4109589041095891 0.3447488584474886 0.028253424657534224 0.05479452054794521
38 0.413527397260274 0.3344748858447488 0.028253424657534224 0.07990867579908674
38 0.44113869863013705 0.3607305936073059 0.052654109589041126 0.05479452054794521
10 0.3531678082191781 0.3253424657534246 0.015410958904109578 0.02968036529680372
34 0.622859589041096 0.8904109589041096 0.056506849315068525 0.07305936073059356
46 0.741652397260274 0.545662100456621 0.04751712328767127 0.08675799086757997
5 0.5869006849315068 0.6187214611872146 0.05907534246575338 0.2009132420091324
32 0.8482448630136986 0.47945205479452047 0.22731164383561647 0.5068493150684931
32 0.6389126712328766 0.6438356164383562 0.15282534246575338 0.3698630136986301
50 0.38142123287671237 0.3732876712328767 0.2517123287671233 0.7191780821917808
50 0.6767979452054794 0.7979452054794521 0.47260273972602745 0.3858447488584475
13 0.6170804794520549 0.3264840182648402 0.3634417808219179 0.6529680365296804
52 0.6427654109589043 0.09474885844748858 0.09888698630137 0.18493150684931506
