27 0.4599112109653843 0.7296276478924895 0.14897085106829866 0.2577824988562056
5 0.45234840954274363 0.48111332007952284 0.03243041749502986 0.14314115308151087
7 0.5404846327900642 0.3928196862075748 0.12189363817097404 0.06361829025844952
42 0.4461978131212724 0.2554671968190855 0.046968190854870785 0.24453280318091447
43 0.5474030815109344 0.5198807157057654 0.0838717693836979 0.06163021868787283
14 0.6325706281564546 0.8793322921857069 0.11630218687872747 0.0874751491053679
24 0.6698558648111334 0.7256461232604374 0.07604373757455278 0.07952286282306162
34 0.6161779324055666 0.7445328031809144 0.03578528827037772 0.05367793240556665
4 0.7274478131212725 0.4731610337972167 0.07939860834990072 0.10337972166998022
4 0.793986083499006 0.27932405566600393 0.06486083499005972 0.10934393638170971
4 0.8991053677932405 0.28528827037773363 0.10735586481113316 0.06560636182902585
13 0.15208747514910537 0.49801192842942343 0.2952286282306163 0.9761431411530814
