1 0.021190068493150686 0.664611868662377 0.04238013698630137 0.18767122590922874
28 0.8065068493150686 0.033105022831050226 0.06934931506849323 0.06621004566210045
52 0.42315924657534254 0.1141552511415525 0.07577054794520542 0.228310502283105
29 0.3172089041095891 0.3789954337899543 0.06934931506849314 0.05479452054794521
29 0.2183219178082192 0.5502283105022832 0.017979452054794506 0.009132420091324178
14 0.2196061643835617 0.5662100456621004 0.10530821917808222 0.10045662100456625
35 0.1977739726027397 0.4155251141552511 0.03852739726027398 0.06392694063926939
38 0.19648972602739725 0.410958904109589 0.03339041095890412 0.10045662100456625
38 0.234375 0.40981735159817345 0.04238013698630137 0.07990867579908674
10 0.12585616438356165 0.39840182648401823 0.017979452054794506 0.020547945205479506
21 0.1367722602739726 0.14383561643835616 0.04751712328767125 0.1232876712328767
46 0.5637842465753425 0.550228310502283 0.056506849315068525 0.08675799086757983
34 0.4892979452054794 0.9143835616438356 0.056506849315068525 0.06621004566210047
32 0.6414811643835617 0.45205479452054786 0.1759417808219178 0.4246575342465754
32 0.5092037671232877 0.6381278538812785 0.14255136986301373 0.34474885844748854
50 0.159888698630137 0.4794520547945206 0.24529109589041098 0.8082191780821918
50 0.5092037671232876 0.8253424657534246 0.37114726027397255 0.3493150684931507
13 0.4032534246575342 0.3607305936073059 0.3030821917808219 0.7123287671232876
