27 0.48254224652087474 0.6928429423459245 0.18004473161033793 0.26441351888667985
7 0.5423707753479126 0.34691848906560635 0.12301192842942348 0.0815109343936382
4 0.7224155069582505 0.4711729622266402 0.07380715705765412 0.10337972166998015
4 0.7973409542743539 0.2823061630218688 0.06709741550695839 0.10337972166998007
4 0.8979870775347913 0.29423459244532807 0.10959244532803168 0.0636182902584493
13 0.165506958250497 0.493041749502982 0.2773359840954274 0.9741550695825049
5 0.4400472166998013 0.48111332007952284 0.03243041749502986 0.12326043737574559
14 0.6346109802789148 0.8747509540925921 0.1252485089463221 0.08946322067594441
24 0.6676192842942347 0.7286282306163022 0.06933399602385684 0.07753479125248504
42 0.6021993041749504 0.6312127236580517 0.05032306163021872 0.21669980119284296
43 0.5378976143141153 0.5208747514910537 0.05367793240556658 0.03976143141153088
