20 0.4032365083694458 0.6395840644836426 0.06269006431102753 0.18021918833255768
6 0.5863150358200073 0.3720391094684601 0.07872295379638672 0.09883015602827072
22 0.1862999051809311 0.6190047264099121 0.17837272584438324 0.4138091802597046
6 0.35920822620391846 0.8579232096672058 0.15957650542259216 0.2384863942861557
21 0.29895104895104896 0.549080549080549 0.06177156177156174 0.16161616161616166
27 0.44988344988344975 0.26521626521626523 0.16317016317016303 0.10774410774410768
18 0.3519813519813519 0.862988862988863 0.08857808857808848 0.13053613053613047
18 0.5874125874125873 0.376068376068376 0.06993006993006994 0.06423206423206416
41 0.68006993006993 0.1781921781921782 0.2156177156177156 0.22792022792022792
2 0.06643356643356642 0.1263921263921264 0.1282051282051282 0.16161616161616163
