52 0.8373287671232877 0.16894977168949774 0.13099315068493156 0.33789954337899547
46 0.7840325342465754 0.9360730593607306 0.08090753424657521 0.12785388127853878
0 0.6613869863013698 0.7031963470319634 0.13099315068493148 0.40182648401826476
29 0.6498287671232876 0.5045662100456622 0.10530821917808211 0.12785388127853886
29 0.4353595890410959 0.6883561643835617 0.023116438356164365 0.038812785388127796
34 0.4584760273972603 0.595890410958904 0.03595890410958901 0.050228310502283054
39 0.5111301369863014 0.6187214611872146 0.038527397260274016 0.09589041095890401
10 0.43022260273972607 0.4748858447488584 0.020547945205479506 0.04566210045662103
35 0.4963613013698631 0.5171232876712328 0.04238013698630134 0.0981735159817351
38 0.4931506849315068 0.4874429223744292 0.04623287671232873 0.13926940639269403
38 0.5303938356164384 0.5388127853881278 0.041095890410958874 0.10502283105022826
27 0.3531678082191781 0.5353881278538813 0.17208904109589043 0.14840182648401828
21 0.36857876712328774 0.09246575342465752 0.048801369863013734 0.14383561643835616
14 0.4366438356164384 0.7054794520547945 0.13869863013698633 0.18721461187214622
50 0.4090325342465754 0.523972602739726 0.37114726027397255 0.9520547945205479
13 0.8050085616438356 0.49680364948429473 0.3899828767123288 0.9936072989685895
