1 0.6419999999999993 0.14933333333333335 0.14699999999999985 0.13333333333333336
1 0.9417500000000001 0.8095999959309895 0.11649999999999991 0.2751999918619791
1 0.92025 0.6946666666666667 0.11550000000000012 0.2693333333333333
5 0.1305 0.15866666666666668 0.053999999999999986 0.2
6 0.14550000000000002 0.29466666666666663 0.081 0.07733333333333342
6 0.5302500000000001 0.2506666666666667 0.0675 0.06400000000000002
11 0.5917500000000001 0.74 0.12750000000000006 0.10933333333333337
21 0.034499999999999996 0.2986666666666667 0.066 0.13866666666666663
21 0.07125 0.2693333333333333 0.06150000000000001 0.13333333333333336
21 0.18600000000000003 0.23333333333333336 0.03600000000000001 0.09866666666666671
21 0.2205 0.23866666666666667 0.023999999999999987 0.0826666666666667
21 0.24975000000000003 0.23733333333333334 0.031499999999999986 0.08533333333333339
21 0.23850000000000002 0.14800000000000002 0.03900000000000002 0.09866666666666667
21 0.13275000000000003 0.7533333333333333 0.11850000000000005 0.2426666666666667
35 0.306 0.24 0.045 0.08533333333333334
44 0.46425000000000005 0.6626666666666666 0.0825 0.15733333333333327
44 0.56325 0.6226666666666667 0.13949999999999987 0.15199999999999997
37 0.66375 0.7546666666666667 0.09450000000000003 0.14400000000000004
