6 0.535742600422833 0.1120507399577167 0.07729915433403811 0.07610993657505286
8 0.7563424947145879 0.6765327695560254 0.11416490486257928 0.22832980972515848
8 0.75455866807611 0.4894291754756871 0.11773255813953483 0.13742071881606768
11 0.20930232558139536 0.1638477801268499 0.17600422832980972 0.19238900634249467
11 0.4703356236786469 0.7241014799154332 0.13913847780126826 0.12050739957716732
18 0.4685517970401692 0.19873150105708248 0.023784355179704023 0.03382663847780126
18 0.36627906976744184 0.2241014799154334 0.02616279069767451 0.0338266384778013
37 0.5422832980972516 0.7061310782241015 0.10227272727272727 0.13530655391120505
37 0.6647727272727273 0.05602536997885835 0.15697674418604643 0.08668076109936575
43 0.36330602536997886 0.22832980972515857 0.06540697674418602 0.03382663847780126
44 0.3282241014799155 0.7082452431289642 0.10465116279069768 0.11839323467230443
44 0.33535940803382674 0.8076109936575054 0.1070295983086681 0.0761099365750529
44 0.42871300211416496 0.6215644820295982 0.15578752642706134 0.15221987315010574
48 0.5369318181818182 0.1025369978858351 0.015459830866807706 0.10782241014799154
35 0.06540697674418605 0.32558139534883723 0.06183932346723045 0.11839323467230443
