41 0.45911815068493156 0.2602739726027397 0.22988013698630133 0.10958904109589042
41 0.4790239726027397 0.33789954337899547 0.23886986301369859 0.11872146118721463
41 0.2741866438356165 0.3869863013698627 0.18107876712328752 0.19406392694063895
2 0.645333904109589 0.3789954337899543 0.0834760273972602 0.09132420091324206
5 0.8463184931506851 0.7591324200913242 0.11301369863013716 0.41324200913241943
39 0.771832191780822 0.8458904109589043 0.10787671232876718 0.08447488584474896
16 0.7365154109589043 0.4406392694063927 0.11429794520547958 0.27853881278538817
50 0.8441780821917801 0.49999999999999967 0.3116438356164374 0.9999999999999993
14 0.3672945205479452 0.7134703196347032 0.24143835616438353 0.17579908675799083
30 0.020547945205479454 0.5536529680365296 0.03595890410958904 0.0981735159817351
