27 0.04917919263243675 0.5410709977149963 0.09791188687086105 0.22662904858589172
4 0.8752891421318054 0.49539873003959656 0.09669647365808487 0.08376685529947281
18 0.5815850815850816 0.5615125615125615 0.07459207459207455 0.14918414918414924
41 0.282661353212104 0.40659470665436925 0.15914899847535252 0.16410030065014106
39 0.18567383155457798 0.512577663237654 0.02652483307922541 0.02546383975605643
50 0.5938228438228441 0.7641802641802644 0.604895104895105 0.4716394716394711
45 0.7365967365967365 0.39368039368039365 0.1585081585081585 0.39368039368039365
45 0.8910256410256409 0.48401968085805935 0.21794871794871779 0.6240870177637751
19 0.6367067703936429 0.47709661104944245 0.05618869965895072 0.03962157840631171
19 0.6071998554889424 0.4567277714461977 0.0517940527582509 0.054688939208712026
19 0.5718857286083169 0.43022037744197505 0.067175316910701 0.05301478800844528
13 0.42074592074592077 0.21548821548821548 0.16317016317016317 0.43097643097643096
13 0.6561771561771562 0.24449624449624452 0.15850815850815855 0.48070448070448074
