38 0.261986301369863 0.4486301369863014 0.05907534246575345 0.0981735159817351
29 0.3030821917808219 0.5468036529680365 0.012842465753424683 0.020547945205479437
29 0.3974743150684932 0.3835616438356164 0.06806506849315071 0.06392694063926939
1 0.0995291095890411 0.6449771689497718 0.08861301369863014 0.16210045662100456
34 0.5560787671232876 0.9726027397260273 0.06678082191780817 0.05479452054794521
46 0.6331335616438356 0.5787671232876712 0.04366438356164387 0.0662100456621004
32 0.7063356164383562 0.5011415525114156 0.2131849315068493 0.4497716894977168
32 0.5637842465753424 0.6815068493150684 0.10787671232876704 0.37214611872146114
14 0.3017979452054795 0.5616438356164384 0.10530821917808218 0.09132420091324206
21 0.234375 0.1598173515981735 0.055222602739725984 0.10958904109589042
52 0.5175513698630136 0.12557077625570776 0.0898972602739726 0.2511415525114155
10 0.21960616438356165 0.39497716894977164 0.020547945205479437 0.041095890410958874
50 0.23565924657534246 0.4509132420091324 0.24529109589041098 0.6963470319634704
50 0.5522260273972602 0.8310502283105023 0.34674657534246583 0.33789954337899547
13 0.4860873287671234 0.35502283105022836 0.32234589041095896 0.7100456621004567
28 0.890625 0.0684931506849315 0.11172945205479451 0.1095890410958904
