9 0.15838029502995288 0.6293183055904151 0.1895910780669145 0.4052044609665428
9 0.6662281272938224 0.6888136449380027 0.4725836431226766 0.5464684014869889
12 0.44164367911348945 0.5073066875034531 0.05436802973977699 0.04275092936802977
20 0.5117547297137309 0.440111997726896 0.05436802973977692 0.053903345724907015
22 0.3546293775010063 0.44040008208431003 0.07667286245353154 0.15799256505576204
43 0.2893975090568985 0.5180427627684512 0.07806691449814121 0.06691449814126393
30 0.4202223379821467 0.6784623398764 0.6022304832713755 0.553903345724907
53 0.49412485497123115 0.46997608505197347 0.13382899628252784 0.10145305014246339
17 0.9530254777070064 0.17834394904458598 0.09394904458598731 0.14437367303609341
13 0.8121019108280254 0.3418259023354564 0.10509554140127378 0.6496815286624202
17 0.8439490445859872 0.6507430997876859 0.14331210191082802 0.078556263269639
49 0.9761146496815286 0.6369426751592357 0.044585987261146445 0.15286624203821653
48 0.3590764331210191 0.5679405520169851 0.12898089171974522 0.06581740976645435
