5 0.2540680473372781 0.660749506903353 0.0665680473372781 0.24852071005917162
6 0.529215976331361 0.7889546351084812 0.10428994082840248 0.1301775147928994
6 0.617973372781065 0.8530571992110453 0.11094674556213008 0.14003944773175547
18 0.619637573964497 0.8619329388560156 0.07655325443786953 0.09072978303747506
21 0.6246301775147929 0.7416173570019724 0.07100591715976322 0.09861932938856029
21 0.30399408284023666 0.6725838264299803 0.04659763313609467 0.10256410256410256
21 0.3084319526627219 0.5562130177514792 0.03550295857988161 0.11045364891518737
12 0.2041420118343195 0.7948717948717949 0.0754437869822485 0.1222879684418146
43 0.33117603550295877 0.8727810650887562 0.1875000000000004 0.21499013806706097
44 0.3905325443786978 0.5946745562130171 0.1486686390532536 0.18343195266272155
44 0.40661982248520695 0.7287968441814595 0.10539940828402364 0.1242603550295857
