30 0.16309931506849312 0.3835616438356164 0.0642123287671233 0.10045662100456625
51 0.12521404109589043 0.41210045662100453 0.07320205479452056 0.13926940639269403
51 0.020547945205479454 0.4611872146118721 0.038527397260273974 0.16438356164383564
10 0.06549657534246575 0.2659817351598173 0.046232876712328765 0.061643835616438346
10 0.08090753424657535 0.02511415525114155 0.05393835616438356 0.0502283105022831
5 0.4032534246575342 0.23858447488584475 0.05393835616438359 0.18036529680365296
46 0.37307363013698636 0.29337899543379 0.04238013698630134 0.1118721461187215
41 0.46489726027397266 0.36757990867579904 0.2696917808219178 0.17351598173515978
14 0.41609589041095896 0.7899543378995435 0.19006849315068494 0.4200913242009132
41 0.7788955479452055 0.22146118721461186 0.30950342465753417 0.26484018264840187
41 0.7679794520547947 0.37328767123287676 0.32619863013698636 0.28082191780821925
