29 0.1836472602739726 0.41210045662100453 0.06164383561643836 0.08904109589041098
29 0.1348458904109589 0.66324200913242 0.020547945205479454 0.015981735159817278
35 0.07962328767123289 0.5513698630136987 0.051369863013698634 0.05707762557077622
38 0.07705479452054793 0.5410958904109588 0.05393835616438355 0.0776255707762558
38 0.11365582191780822 0.5182648401826484 0.03724315068493152 0.10045662100456625
14 0.13741438356164384 0.6700913242009133 0.10273972602739728 0.1803652968036529
34 0.4738869863013699 0.7910958904109588 0.056506849315068525 0.08447488584474896
46 0.460402397260274 0.4063926940639269 0.0500856164383562 0.05479452054794521
25 0.46875 0.8938356164383562 0.028253424657534297 0.04337899543378995
14 0.47517123287671237 0.9052511415525114 0.10273972602739725 0.17579908675799075
43 0.9096746575342466 0.4127853880189869 0.18065068493150677 0.3232876710151429
32 0.4976455479452055 0.2568493150684931 0.2196061643835617 0.38127853881278534
32 0.4141695205479452 0.5525114155251142 0.1759417808219179 0.315068493150685
52 0.2285958904109589 0.09246575342465753 0.08476027397260275 0.18493150684931506
50 0.11558219178082198 0.5687214577034728 0.23116438356164395 0.8488584544560679
50 0.5085616438356165 0.7990867579908675 0.4494863013698631 0.4018264840182648
13 0.2677654109589041 0.3904109589041095 0.3839897260273972 0.7716894977168949
