0 0.6535604508196721 0.6618852459016392 0.13601434426229517 0.2459016393442623
4 0.6794953893442621 0.5030737704918032 0.08414446721311478 0.055327868852458974
7 0.4189933401639344 0.4887295081967213 0.06339651639344268 0.03893442622950822
9 0.6426101434426229 0.7715163934426229 0.20632684426229517 0.4282786885245901
10 0.3774974385245901 0.4784836065573771 0.033427254098360636 0.06352459016393447
17 0.5060194672131146 0.9743852459016393 0.1590676229508196 0.05122950819672127
24 0.5359887295081966 0.5112704918032788 0.0876024590163935 0.030737704918032804
27 0.36481813524590156 0.6649590163934427 0.15330430327868855 0.2110655737704918
28 0.5042904713114753 0.37807377049180324 0.05186987704918039 0.23565573770491807
34 0.6356941598360655 0.5163934426229508 0.03112192622950822 0.032786885245901655
40 0.5100537909836065 0.11065573770491803 0.10950307377049179 0.14344262295081966
41 0.03688524590163934 0.6731557377049181 0.07146516393442622 0.1987704918032788
41 0.24897540983606553 0.6260245901639344 0.10604508196721316 0.0676229508196721
41 0.3861424180327868 0.6075819672131147 0.15215163934426226 0.12909836065573763
42 0.27663934426229503 0.444672131147541 0.0714651639344262 0.12295081967213115
44 0.8518186475409835 0.7889344262295082 0.036885245901639364 0.12704918032786877
45 0.7838114754098359 0.6270491803278689 0.12218237704918025 0.4180327868852459
50 0.6022669057377048 0.6454918032786885 0.2685706967213114 0.40983606557377045
51 0.502561475409836 0.367827868852459 0.08299180327868853 0.24795081967213115
