5 0.7691441774368286 0.09982430934906006 0.025424767285585403 0.12292593717575073
20 0.8151681920888637 0.1530968041177293 0.02586803399026394 0.06809363514184952
50 0.2353200604838709 0.6733870967741936 0.4638356854838709 0.6411290322580645
13 0.309601814516129 0.23185483870967744 0.22681451612903225 0.375
20 0.7943843994231656 0.149784865703721 0.01702483253930879 0.07062152757046654
22 0.8529441102193758 0.10845448876893077 0.04199458693029541 0.14830520789797974
21 0.7041853867918922 0.09814231664394246 0.023109092000463106 0.05934186587773263
21 0.7277759182090319 0.09928350637236039 0.01765277861146487 0.06276543506298644
21 0.7528107678762 0.1098395113602263 0.017010859389229863 0.05991246074194159
7 0.8941934765734786 0.12981033160754016 0.03915707255634047 0.05306532237143397
14 0.7007180831792613 0.24582289141461244 0.12406383116959362 0.11314334963807099
