21 0.3788527397260274 0.6289954337899544 0.030821917808219156 0.10273972602739732
46 0.8225599315068493 0.9360730593607306 0.055222602739726054 0.07305936073059371
32 0.888484589041096 0.7899543378995435 0.22303082191780818 0.4200913242009132
52 0.5824058219178082 0.5296803652968036 0.10916095890410965 0.40182648401826476
29 0.5464469178082192 0.8059360730593608 0.06549657534246578 0.05936073059360737
34 0.37628424657534254 0.9315068493150684 0.030821917808219225 0.031963470319634694
10 0.37692636986301364 0.865296803652968 0.019263698630136973 0.031963470319634694
28 0.2780393835616438 0.15182648401826485 0.055222602739726054 0.08447488584474884
16 0.5053510273972602 0.11187214611872145 0.65625 0.2237442922374429
35 0.4372859589041096 0.8641552511415526 0.02696917808219176 0.07077625570776248
38 0.46810787671232873 0.865296803652968 0.047517123287671194 0.06849315068493154
38 0.4353595890410959 0.8630136986301369 0.030821917808219225 0.06392694063926939
13 0.09053938356164384 0.11643835616438356 0.1810787671232877 0.2328767123287671
13 0.6260702054794521 0.660958904109589 0.21446917808219182 0.678082191780822
50 0.4083904109589041 0.8013698630136986 0.22345890410958902 0.3972602739726028
