5 0.8886987566947937 0.6892025470733643 0.10096130520105362 0.27554088830947876
6 0.5473936796188354 0.7069138288497925 0.11109256744384766 0.13721008598804474
48 0.4283060133457184 0.7305020093917847 0.038820456713438034 0.12610897421836853
21 0.4693722724914551 0.633833646774292 0.07205696403980255 0.10793185979127884
12 0.9284713864326477 0.862330436706543 0.05584373325109482 0.11496463418006897
21 0.8502331002331002 0.5376845376845377 0.050116550116550085 0.1471121471121471
21 0.8368298368298369 0.6837606837606838 0.04895104895104893 0.12846412846412847
43 0.7505827505827505 0.8874643874643873 0.20745920745920737 0.22507122507122485
44 0.7255244755244757 0.5552965552965554 0.17365967365967364 0.2279202279202281
44 0.6993006993006994 0.6889406889406889 0.12121212121212124 0.15125615125615127
