44 0.647118330001831 0.7226390838623047 0.15852941572666168 0.1933480203151703
44 0.18305721194732996 0.703751726213498 0.22647975385189056 0.23895975947380066
6 0.7554206848144531 0.8481684327125549 0.11555061489343643 0.14246012270450592
21 0.798951048951049 0.7324527324527326 0.047785547785547694 0.12639212639212646
21 0.7505827505827506 0.5635845635845635 0.04195804195804186 0.12846412846412847
21 0.9749417249417249 0.7272727272727272 0.04545454545454547 0.16161616161616152
5 0.8595571095571097 0.6671846671846673 0.0664335664335664 0.2403522403522404
21 0.7419927620900976 0.6655600537782382 0.047220032514665035 0.10052879350172844
43 0.7529137529137528 0.8971768971768972 0.17482517482517493 0.1408961408961409
55 0.24883449883449885 0.37606837606837606 0.4976689976689977 0.7521367521367521
