5 0.3634417808219178 0.5114155251141552 0.06164383561643831 0.18721461187214616
34 0.47260273972602745 0.6746575342465754 0.05907534246575345 0.07534246575342457
34 0.02504280821917808 0.5228310502283106 0.0449486301369863 0.04109589041095894
35 0.07833904109589042 0.4257990867579909 0.035958904109589046 0.05707762557077622
38 0.11172945205479452 0.40867579908675794 0.04109589041095891 0.07762557077625566
38 0.07448630136986302 0.4200913242009132 0.05136986301369864 0.09132420091324199
29 0.1913527397260274 0.319634703196347 0.0821917808219178 0.07762557077625569
29 0.1367722602739726 0.5422374429223744 0.0218321917808219 0.025114155251141596
14 0.1348458904109589 0.5525114155251142 0.09503424657534247 0.15981735159817353
25 0.38720034246575347 0.8949771689497718 0.03210616438356169 0.05479452054794521
14 0.43535958904109584 0.833333333333333 0.16695205479452033 0.2283105022831043
46 0.46875 0.3264840182648402 0.06421232876712324 0.06849315068493148
32 0.5047089041095891 0.1872146118721461 0.23116438356164382 0.36529680365296807
32 0.4148116438356165 0.4657534246575342 0.16438356164383564 0.27853881278538817
50 0.11108732876712331 0.5070776220870343 0.22217465753424662 0.8406392624389092
50 0.4738869863013699 0.7477168949771689 0.3467465753424658 0.504566210045662
13 0.23501712328767127 0.3367579908675799 0.21318493150684933 0.6643835616438356
