5 0.3878198564052582 0.3674362897872925 0.02004241943359375 0.1263473480939865
5 0.36848941445350647 0.10885070264339447 0.02047252655029297 0.11748629808425903
50 0.5035282258064516 0.7459677419354839 0.3583669354838709 0.5080645161290323
27 0.939453125 0.8508064516129034 0.12109375 0.29838709677419345
22 0.4661107836890012 0.3891463941940895 0.04624158876031217 0.1492710935420602
20 0.41287211241890504 0.4178107708525286 0.020078584593293414 0.06814549922572312
20 0.433559138969571 0.4232191438069512 0.020078584593293414 0.07030884840749216
21 0.32439002973367215 0.3627366145845487 0.02503226146187689 0.06349646809841922
21 0.3480485695299582 0.3649074340067168 0.024116447018149644 0.0689235166538397
21 0.37262292376997147 0.37250530198430537 0.017705745912059284 0.06024023896516688
7 0.5091928307123237 0.39970212610671607 0.044569636261390426 0.05155696127649428
21 0.4034939224862501 0.142270176088322 0.021188275187215735 0.05079478765420072
5 0.45185602009100256 0.12156505359937925 0.02600379227521951 0.10615539891776779
5 0.5073949838393106 0.13526252442747835 0.017014827044279385 0.0958822957966935
