6 0.5057364702224731 0.7154582738876343 0.10833759605884552 0.11642054468393326
12 0.8380323648452759 0.7218009233474731 0.056484222412109375 0.12075364589691162
5 0.7840270964137881 0.5880203482339621 0.06817649198926147 0.24304127928213937
21 0.39510489510489516 0.7624967624967625 0.09090909090909094 0.27350427350427353
43 0.7062937062937066 0.7873607873607874 0.17948717948717938 0.16161616161616194
44 0.6445221445221446 0.5273245273245274 0.15617715617715627 0.17612017612017614
44 0.6264568764568765 0.6454286454286455 0.11072261072261065 0.13882413882413852
21 0.7280849805733911 0.6112406112406109 0.038272475564516815 0.10367993380440853
21 0.7250474825127156 0.495140685365884 0.03098248021889532 0.1112399289776458
55 0.23484848484848483 0.32116032116032117 0.46969696969696967 0.6423206423206423
