5 0.26271238923072815 0.4230101406574249 0.06416138261556625 0.21595287322998047
27 0.9538238644599915 0.5816433429718018 0.0913875550031662 0.2436964213848114
5 0.5010503530502319 0.18585804104804993 0.01813812181353569 0.11152788996696472
50 0.33341733870967744 0.6774193548387097 0.4422883064516129 0.6451612903225806
20 0.5301600014811899 0.22093256732814837 0.01735154361327204 0.06336179289411045
20 0.5477460254135602 0.22593481413557817 0.02157218935704094 0.06502920849658711
22 0.5754147030671563 0.19133594038418889 0.03751685105572342 0.13589437160184223
7 0.6101177902937003 0.20384155740276333 0.03657892977933024 0.04918876027305945
21 0.45934694511351215 0.18091459286871017 0.023916992548023614 0.06502920849658707
21 0.4795122525559634 0.18049773896809104 0.01641362233687893 0.06586291629782538
