16 0.253638698630137 0.3162100456621004 0.14768835616438358 0.2762557077625571
2 0.19006849315068494 0.5342465753424658 0.11044520547945208 0.12328767123287676
41 0.060359589041095896 0.6611872111281304 0.12071917808219179 0.45936072362612373
1 0.5464469178082192 0.6061643835616439 0.055222602739725984 0.16666666666666663
5 0.6106592465753425 0.4143835616438356 0.04751712328767127 0.18493150684931506
27 0.6774400684931507 0.5068493150684933 0.11686643835616442 0.1095890410958904
35 0.7198202054794521 0.4463470319634703 0.044948630136986197 0.03424657534246577
38 0.7525684931506851 0.4657534246575342 0.05136986301369873 0.06392694063926939
10 0.6588184931506851 0.4189497716894977 0.023116438356164365 0.038812785388127796
21 0.6851455479452055 0.18721461187214608 0.04238013698630141 0.1050228310502283
29 0.7191780821917808 0.5776255707762558 0.012842465753424648 0.013698630136986268
29 0.8482448630136986 0.43721461187214605 0.06806506849315057 0.08904109589041098
14 0.7095462328767124 0.5970319634703196 0.10659246575342479 0.10730593607305934
32 0.9411386986301364 0.7945205479452052 0.1177226027397258 0.4109589041095885
50 0.6902825342465749 0.4748858447488578 0.2735445205479451 0.7305936073059351
13 0.8685787671232877 0.423744288753701 0.2628424657534244 0.8429223674617399
