16 0.25428082191780826 0.3105022831050228 0.14126712328767127 0.29680365296803657
49 0.2761130136986301 0.46461187214611877 0.11301369863013701 0.134703196347032
2 0.19071061643835616 0.5319634703196346 0.09888698630136984 0.12785388127853886
27 0.3705051369863014 0.682648401826484 0.1168664383561644 0.19634703196347034
1 0.5464469178082192 0.6095890410958904 0.06806506849315078 0.15981735159817362
5 0.617722602739726 0.4029680365296804 0.046232876712328806 0.17579908675799089
29 0.7223886986301369 0.5776255707762558 0.016695205479451972 0.031963470319634625
29 0.8476027397260273 0.4383561643835616 0.0693493150684931 0.08219178082191775
35 0.7217465753424658 0.44178082191780815 0.030821917808219156 0.0662100456621004
38 0.7230308219178082 0.4360730593607306 0.030821917808219156 0.09132420091324199
38 0.7557791095890412 0.4668949771689498 0.06806506849315071 0.06164383561643831
10 0.6607448630136986 0.40867579908675794 0.011558219178082111 0.04109589041095894
21 0.6845034246575342 0.19292237442922372 0.03595890410958901 0.11643835616438356
32 0.9449914383561644 0.800228310502283 0.11001712328767127 0.39954337899543385
50 0.6819349315068493 0.4600456621004566 0.2773972602739726 0.7694063926940639
13 0.8672945205479452 0.3938356164383562 0.2654109589041096 0.7876712328767124
