1 0.10320512820512821 0.6245014245014245 0.09358974358974358 0.16410256410256407
21 0.191025641025641 0.1094017094017094 0.05384615384615387 0.13219373219373218
9 0.3455128205128205 0.7621082621082621 0.28846153846153844 0.4757834757834758
34 0.573076923076923 0.8136752136752137 0.05897435897435898 0.08660968660968664
5 0.5019230769230769 0.588034188034188 0.03717948717948723 0.18233618233618232
46 0.6307692307692307 0.44672364672364673 0.05128205128205124 0.08205128205128204
32 0.7051282051282051 0.33162393162393156 0.20769230769230773 0.4581196581196581
32 0.5711538461538461 0.5663817663817664 0.13974358974358977 0.37150997150997156
29 0.37948717948717947 0.3156695156695157 0.07179487179487182 0.07065527065527064
52 0.45769230769230773 0.07635327635327636 0.06923076923076926 0.15270655270655273
35 0.2717948717948718 0.3612535612535613 0.030769230769230767 0.056980056980057016
38 0.2717948717948718 0.35327635327635326 0.030769230769230767 0.07749287749287749
38 0.3038461538461538 0.3601139601139601 0.053846153846153794 0.08205128205128204
10 0.20256410256410257 0.3623931623931624 0.020512820512820475 0.03646723646723643
29 0.29871794871794877 0.49572649572649574 0.01282051282051281 0.02507122507122503
14 0.29743589743589743 0.5128205128205129 0.10256410256410252 0.08205128205128212
25 0.5384615384615384 0.9105413105413106 0.012820512820512775 0.056980056980057016
14 0.5474358974358975 0.9068376068376068 0.07948717948717957 0.18632478632478638
50 0.23076923076923075 0.41709401709401717 0.26153846153846155 0.7384615384615385
50 0.592948717948718 0.7757834757834757 0.34230769230769226 0.44843304843304843
13 0.46217948717948715 0.33048433048433046 0.2602564102564103 0.6427350427350427
