27 0.13170035183429718 0.5495700240135193 0.18619225919246674 0.15011444687843323
0 0.28692036290322576 0.6471774193548387 0.3016633064516129 0.25
41 0.4524949596774194 0.4455645161290323 0.1383568548387097 0.15322580645161288
50 0.224546370967742 0.7889112902264435 0.449092741935484 0.3858870969664662
17 0.9252772177419354 0.8860887096774194 0.14944556451612911 0.22782258064516128
45 0.9258442540322582 0.5066532257103151 0.14831149193548374 0.5133064514206301
13 0.590851814516129 0.33971774193548393 0.15877016129032248 0.2681451612903226
13 0.8188004032258064 0.36693548387096764 0.1769153225806454 0.3629032258064516
19 0.7450129377088779 0.4962490902430981 0.06095850282063168 0.07195101972271288
19 0.8174636172907762 0.584189225459747 0.05596190422877669 0.05773847261699181
19 0.7847358965141253 0.5406632999484764 0.0524642852144781 0.05951504100520701
