9 0.2030920833349228 0.2675246596336365 0.2430574744939804 0.5342702269554138
50 0.6229603729603729 0.4548044548044547 0.36013986013986 0.5780885780885779
20 0.7817072345625264 0.09276918123488427 0.02040371775325042 0.06361774561013434
20 0.7501599478825005 0.09137405523466201 0.02008981440320012 0.06194359440986765
20 0.750316899557526 0.057891031229328156 0.0015695167502501307 0.008370756001333461
7 0.8196895399185772 0.0849564756336397 0.045515985757250806 0.0535728384085342
5 0.7397132443928365 0.05301478800844527 0.031076431654950484 0.10602957601689056
22 0.6912151768101108 0.048829410007778545 0.036412788605800446 0.09765882001555709
21 0.6683002322564604 0.03180887280506717 0.01255613400200005 0.06138554400977874
21 0.7202512366897363 0.051898687208267485 0.013497844052150328 0.053572838408534176
