6 0.524748682975769 0.7282440662384033 0.10488872230052948 0.1148512065410614
21 0.43629327416419983 0.7014001607894897 0.07443812489509583 0.10557623952627182
12 0.1585090607404709 0.705740213394165 0.06746931374073029 0.15961778163909912
5 0.7893205373993006 0.5939122419596893 0.06453111852000348 0.2367030940535032
12 0.8493540287017822 0.7255284190177917 0.05358123779296875 0.11698625236749649
43 0.7272727272727272 0.7946127946127948 0.1841491841491841 0.18440818440818432
44 0.6579254079254079 0.5439005439005439 0.15501165501165504 0.18440818440818446
44 0.6462703962703956 0.6682206682206684 0.0944055944055944 0.11396011396011377
21 0.9160839160839161 0.6329966329966331 0.03496503496503493 0.14711214711214723
21 0.7395104895104895 0.6226366226366226 0.03379953379953378 0.11396011396011396
