27 0.49828767123287676 0.7922374429223744 0.15410958904109584 0.28310502283105016
34 0.6003852739726028 0.8789954337899544 0.03981164383561641 0.06849315068493154
35 0.6363441780821918 0.7990867579908675 0.044948630136986335 0.09132420091324192
38 0.6401969178082192 0.7579908675799086 0.04494863013698641 0.1415525114155251
38 0.6864297945205479 0.8082191780821918 0.05779109589041084 0.1050228310502284
0 0.8495291095890412 0.8915525114155252 0.14255136986301367 0.21689497716894976
29 0.8251284246575343 0.7842465753424658 0.12714041095890408 0.15753424657534254
21 0.5098458904109591 0.3641552511415525 0.046232876712328806 0.13926940639269403
49 0.14319349315068494 0.7545662100456622 0.12970890410958902 0.22146118721461178
13 0.2799657534246575 0.4737442922374429 0.1566780821917808 0.9474885844748858
13 0.863013698630137 0.504566210045662 0.25941780821917804 0.9908675799086758
50 0.5791952054794521 0.6575342465753425 0.39041095890410965 0.684931506849315
