27 0.4803056660039761 0.6809145129224652 0.17780815109343934 0.27634194831013914
5 0.4495526838966203 0.48707753479125243 0.026838966202783324 0.0954274353876739
18 0.4926068588469185 0.3558648111332008 0.07045228628230618 0.07554671968190853
24 0.6525223658051691 0.7256461232604374 0.06150596421471171 0.07554671968190846
4 0.8029324055666004 0.29224652087475145 0.0782803180914513 0.08349900596421471
4 0.8901590457256462 0.2862823061630219 0.08275347912524836 0.05566600397614312
4 0.7246520874751491 0.4711729622266402 0.07828031809145117 0.08747514910536779
13 0.14593687872763417 0.5178926441351887 0.27398111332007946 0.9443339960238564
42 0.44004721669980124 0.2634194831013917 0.04808648111332005 0.23658051689860835
43 0.6079528983874489 0.36815977728557525 0.03334092053841765 0.20563466706062633
43 0.5563494035785288 0.5268389662027834 0.07268886679920485 0.05964214711729625
14 0.6320754313975911 0.8738913819023669 0.13083996023856845 0.08747514910536788
