27 0.36151541095890416 0.547945205479452 0.14768835616438356 0.12785388127853878
34 0.4584760273972603 0.6004566210045662 0.023116438356164438 0.06849315068493161
39 0.5143407534246576 0.6175799086757991 0.04494863013698641 0.08447488584474896
10 0.4321489726027397 0.4703196347031964 0.01669520547945204 0.04109589041095894
35 0.49636130136986295 0.5194063926940639 0.03210616438356162 0.07534246575342465
49 0.034674657534246575 0.47557077614684085 0.06934931506849315 0.24063926962412666
38 0.4970034246575342 0.5102739726027398 0.04623287671232873 0.13013698630136986
38 0.5316780821917808 0.5205479452054794 0.04109589041095894 0.1369863013698631
21 0.3737157534246576 0.08447488584474884 0.05393835616438359 0.1415525114155251
29 0.4347174657534246 0.6815068493150684 0.011558219178082182 0.025114155251141454
29 0.6523972602739727 0.504566210045662 0.12071917808219183 0.12328767123287669
0 0.6376284246575343 0.7260273972602741 0.12200342465753422 0.4018264840182648
46 0.7943065068493153 0.9417808219178082 0.06549657534246578 0.11643835616438353
52 0.8366866438356165 0.15068493150684933 0.12970890410958902 0.30136986301369867
14 0.43407534246575347 0.7100456621004567 0.12842465753424662 0.18721461187214608
1 0.2581335616438356 0.7465753424657535 0.03339041095890408 0.16438356164383564
50 0.4404965753424658 0.5 0.3698630136986301 0.954337899543379
13 0.778681506849315 0.49885844748858443 0.401541095890411 0.9977168949771689
