28 0.865582191780822 0.0776255707762557 0.0744863013698631 0.0958904109589041
1 0.132277397260274 0.9189497716894977 0.08219178082191782 0.14383561643835618
29 0.4090325342465754 0.5662100456621004 0.07063356164383557 0.07762557077625573
29 0.32491438356164387 0.75 0.017979452054794544 0.025114155251141596
35 0.29537671232876717 0.6267123287671234 0.038527397260273946 0.057077625570776294
38 0.2947345890410959 0.6244292237442923 0.04238013698630137 0.08904109589041098
38 0.328125 0.615296803652968 0.05265410958904109 0.07534246575342465
10 0.23116438356164384 0.6335616438356164 0.025684931506849296 0.04794520547945197
21 0.2202482876712329 0.4018264840182648 0.0500856164383562 0.1187214611872146
52 0.4912243150684932 0.2226027397260274 0.06806506849315071 0.3264840182648402
46 0.6581763698630138 0.6757990867579909 0.047517123287671124 0.08219178082191775
14 0.3249143835616438 0.7773972602739727 0.10787671232876711 0.09817351598173517
50 0.24657534246575344 0.6700913242009133 0.2696917808219179 0.6598173515981735
32 0.7211044520547945 0.5547945205479452 0.21960616438356162 0.42465753424657526
32 0.5958904109589043 0.8013698630136986 0.18750000000000008 0.360730593607306
50 0.6337756849315069 0.8938356164383562 0.38655821917808225 0.2123287671232876
13 0.4822345890410959 0.569634703196347 0.21703767123287662 0.6963470319634704
