27 0.35894691780821913 0.5490867579908675 0.15539383561643838 0.14383561643835613
34 0.457833904109589 0.5844748858447489 0.024400684931506832 0.04566210045662103
39 0.5117722602739727 0.6164383561643836 0.04238013698630141 0.07305936073059356
49 0.045590753424657536 0.4675799085669321 0.09118150684931507 0.2474885846926197
29 0.43407534246575347 0.6815068493150684 0.023116438356164365 0.03424657534246577
29 0.6575342465753425 0.5102739726027398 0.13099315068493142 0.12100456621004568
0 0.658818493150685 0.726027397260274 0.21061643835616445 0.34703196347031956
46 0.7923801369863014 0.9394977168949771 0.08219178082191775 0.12100456621004568
35 0.4950770547945206 0.5148401826484019 0.03467465753424655 0.09360730593607308
38 0.4931506849315069 0.48744292237442927 0.03595890410958901 0.12557077625570784
38 0.5323202054794521 0.526255707762557 0.044948630136986266 0.13013698630136986
10 0.4308647260273972 0.47374429223744285 0.021832191780821974 0.047945205479452045
21 0.3775684931506849 0.08904109589041095 0.048801369863013665 0.136986301369863
14 0.4295804794520548 0.7100456621004567 0.13484589041095896 0.18721461187214608
50 0.41288527397260283 0.5205479452054794 0.4071061643835617 0.9589041095890412
52 0.8431078767123289 0.16894977168949774 0.12970890410958902 0.33789954337899547
13 0.7979452054794521 0.502283105022831 0.40410958904109584 0.9954337899543378
