46 0.747431506849315 0.7248858447488584 0.048801369863013803 0.07990867579908681
32 0.761807871209345 0.8779623741731271 0.18300749212688236 0.42230467931202376
32 0.6678082191780824 0.8207762557077624 0.14897260273972637 0.35844748858447445
52 0.6074486301369864 0.24543378995433787 0.0976027397260274 0.34018264840182644
29 0.49571917808219185 0.5445205479452055 0.05393835616438359 0.07077625570776264
13 0.6215384621529436 0.4663925721106306 0.23133188769672772 0.8167948411520749
35 0.3897688356164383 0.58675799086758 0.02953767123287669 0.05479452054794521
38 0.3884845890410959 0.5742009132420092 0.03724315068493155 0.06621004566210047
38 0.41802226027397266 0.5878995433789954 0.04238013698630134 0.08904109589041098
10 0.32876712328767127 0.5719178082191781 0.017979452054794544 0.038812785388127796
34 0.3242722602739726 0.6232876712328768 0.024400684931506867 0.04109589041095894
1 0.21575342465753422 0.8139269406392694 0.08476027397260272 0.15296803652968038
21 0.3428938356164384 0.3424657534246575 0.030821917808219156 0.10958904109589042
29 0.41802226027397266 0.7728310502283106 0.014126712328767112 0.015981735159817278
14 0.41224315068493156 0.7614155251141552 0.1258561643835617 0.14840182648401823
