51 0.4803082191780822 0.17922374429223745 0.048801369863013665 0.2031963470319635
21 0.4424229452054794 0.2191780821917808 0.044948630136986335 0.10958904109589042
27 0.47452910958904115 0.5205479452054794 0.1168664383561645 0.09132420091324199
1 0.3698630136986301 0.684931506849315 0.05393835616438359 0.13242009132420093
49 0.04302226027397261 0.6205479450966125 0.08604452054794522 0.16529680387070186
0 0.6575342465753425 0.5159817351598174 0.08476027397260268 0.23744292237442927
29 0.6498287671232877 0.4132420091324201 0.07962328767123303 0.07762557077625566
29 0.5541523972602741 0.5833333333333334 0.019263698630136973 0.029680365296803613
14 0.5515839041095891 0.610730593607306 0.08861301369863014 0.08447488584474883
34 0.545804794520548 0.523972602739726 0.025684931506849223 0.05251141552511427
35 0.5342465753424658 0.45662100456621 0.03595890410958916 0.06392694063926939
38 0.5342465753424658 0.4406392694063927 0.038527397260273946 0.0867579908675799
38 0.5695633561643836 0.4657534246575342 0.044948630136986335 0.06392694063926939
10 0.47773972602739734 0.4486301369863014 0.01797945205479458 0.029680365296803686
39 0.739083904109589 0.7739726027397259 0.04238013698630141 0.09132420091324192
46 0.923373287671233 0.610730593607306 0.05136986301369873 0.09817351598173524
32 0.827054794520548 0.7248858447488585 0.15154109589041098 0.40410958904109584
32 0.9507705479452055 0.46826483669890656 0.09845890410958902 0.39771688800968535
52 0.7596318493150686 0.13926940639269406 0.07833904109589042 0.2785388127853881
50 0.5059931506849316 0.5068493150684932 0.22602739726027393 0.6575342465753425
50 0.8206335616438356 0.8504566210045661 0.3236301369863014 0.29908675799086765
13 0.7474315068493153 0.3972602739726028 0.33647260273972607 0.771689497716895
