23 0.22595777951524632 0.4862464231135161 0.060985144644253315 0.19338555883484618
9 0.11024237685691947 0.58572172855734 0.22048475371383894 0.7902373914977887
16 0.30883502736512897 0.2817307601730673 0.051602814698983576 0.3575545943924854
16 0.6161063330727131 0.317903598516276 0.054730258014073524 0.3770322765772901
9 0.6821735731039874 0.3791191710970906 0.12587959343236904 0.4020750108148961
50 0.41321344800625487 0.17182098213024105 0.11493354182955429 0.3436419642604821
34 0.8506645817044566 0.24834044785625933 0.03752931978107896 0.02643399725080634
9 0.28498827208756844 0.5516357847339318 0.20093823299452698 0.6747625614021612
50 0.07036747458952307 0.3095560204370739 0.10476935105551212 0.2991215478380715
4 0.8623924941360437 0.09530151640422277 0.0578577013291634 0.07095441367321696
4 0.8526192337763878 0.17738603418304236 0.06020328381548097 0.0765194657260183
