26 0.3963583669354838 0.5987903225806451 0.13949092741935487 0.41129032258064513
27 0.7915826612903225 0.7550403225806451 0.1973286290322581 0.2641129032258065
13 0.19165826612903225 0.3225806451612903 0.24949596774193547 0.6411290322580645
0 0.2897555443548387 0.11491935483870969 0.051033266129032244 0.1370967741935484
41 0.9031628024193549 0.6157258056825207 0.1936743951612904 0.23145161136504144
22 0.577892804553794 0.33843637457043463 0.04439699596970371 0.10888606310817832
5 0.5080652656377039 0.1371091695595889 0.014441528566659817 0.0950477908500739
5 0.5200486616823788 0.14803420299063177 0.011983396044675238 0.06555020058625809
5 0.5658313799043448 0.15295046803460127 0.011983396044675274 0.056810173841423346
5 0.5914881381025597 0.14311793794666264 0.014134262001411742 0.08630776410523928
5 0.622214794627368 0.17698554158289578 0.040559186612746885 0.02622008023450306
21 0.5787365756447643 0.16715301149495715 0.013212462305667643 0.03823761700865033
21 0.5417109545323702 0.3236541153946474 0.014748795131907997 0.04315388205261964
21 0.5097552317465697 0.318464724514902 0.012290662609923331 0.041515127037963284
21 0.5304957249008153 0.3217422345442149 0.011983396044675274 0.04588514041038042
21 0.5215849945086208 0.3056278102334265 0.013212462305667501 0.031136345278472425
20 0.519126861986636 0.34331917557052466 0.011983396044675203 0.040968875366411125
36 0.547856285837332 0.3681736266261474 0.03379932217728907 0.02949759026381592
7 0.6245192938667286 0.3498741956291505 0.018128727349636976 0.034413855307785256
