28 0.8026541095890412 0.033105022831050226 0.041095890410958874 0.06621004566210045
52 0.42315924657534254 0.11643835616438357 0.08861301369863021 0.22374429223744294
29 0.3139982876712329 0.37328767123287676 0.06806506849315067 0.06164383561643838
29 0.21767979452054795 0.5536529680365296 0.01669520547945204 0.015981735159817347
34 0.48480308219178087 0.9006849315068493 0.055222602739725984 0.07534246575342465
14 0.21960616438356165 0.5684931506849316 0.10273972602739725 0.10045662100456618
35 0.1952054794520548 0.40981735159817345 0.03082191780821919 0.0525114155251142
38 0.19713184931506852 0.4041095890410959 0.03467465753424658 0.09132420091324199
38 0.23244863013698633 0.4223744292237443 0.03852739726027398 0.06392694063926939
10 0.1290667808219178 0.4029680365296804 0.01669520547945204 0.038812785388127866
21 0.13805650684931506 0.15753424657534246 0.04238013698630136 0.1141552511415525
1 0.023116438356164382 0.6634703161509614 0.046232876712328765 0.14337900240127346
46 0.5592893835616439 0.5479452054794521 0.03981164383561648 0.06392694063926946
32 0.6568921232876712 0.4646118721461187 0.24272260273972612 0.45433789954337894
50 0.15346746575342465 0.4657534246575343 0.2607020547945206 0.7762557077625571
50 0.5169092465753424 0.8242009132420091 0.4019691780821917 0.35159817351598177
13 0.4038955479452055 0.36529680365296796 0.30436643835616445 0.7305936073059359
