44 0.4351924201380957 0.4736788246401042 0.16118237782892436 0.17777575640813786
44 0.44769227801054273 0.6128585286701597 0.1138144953649138 0.12865350792694152
5 0.30460179973384477 0.5093509336562108 0.057894078567123836 0.24444166506118947
21 0.6661108471501465 0.6859571127195581 0.08223590705557378 0.12982308527173225
6 0.5601909988625676 0.6923897881159055 0.1098671718262463 0.1286535079269418
21 0.17967376360517331 0.5332001577915646 0.052741809277448114 0.1437702652896373
21 0.14345772123465872 0.5513277129802571 0.046412792164154296 0.17252431834756338
21 0.35583140659184953 0.5350754221214287 0.039380550927161126 0.11251585979188924
12 0.2471832794803068 0.6357146078241748 0.06961918824623156 0.11376603601179783
43 0.35829269102479716 0.7351036173070093 0.19198018576991088 0.15752220370864492
