6 0.5454902052879333 0.7657607197761536 0.10543479770421982 0.11904890090227127
21 0.4797840118408203 0.7067584991455078 0.06787338107824326 0.09611528366804123
6 0.04122857376933098 0.6854177713394165 0.08222104609012604 0.1485634744167328
6 0.04263424873352051 0.8233615159988403 0.08491835743188858 0.1397281289100647
21 0.18298368298368292 0.6081326081326083 0.09324009324009327 0.2548562548562549
18 0.037878787878787866 0.7863247863247864 0.05710955710955709 0.055944055944056006
21 0.8525641025641025 0.606060606060606 0.043123543123543155 0.14296814296814303
21 0.8362470862470863 0.745920745920746 0.04079254079254085 0.11603211603211591
43 0.729020979020979 0.9102564102564101 0.19930069930069924 0.17948717948717935
44 0.7092074592074593 0.6164206164206164 0.17132867132867133 0.1926961926961927
44 0.6987179487179488 0.752136752136752 0.12004662004662009 0.12017612017612024
55 0.3001165501165501 0.34602434602434606 0.506993006993007 0.6796166796166797
