34 0.6106592465753424 0.7020547945205479 0.0500856164383562 0.06164383561643845
5 0.47709760273972607 0.5570776255707762 0.06035958904109592 0.228310502283105
21 0.036601027397260275 0.14041095890410957 0.06549657534246575 0.16210045662100456
25 0.6138698630136986 0.8036529680365296 0.028253424657534224 0.06392694063926939
24 0.4963613013698631 0.7305936073059361 0.1040239726027398 0.10045662100456611
14 0.6260702054794521 0.8207762557077626 0.14511986301369867 0.18493150684931506
32 0.6267123287671234 0.2705479452054794 0.2542808219178083 0.271689497716895
32 0.5451626712328768 0.49657534246575336 0.1913527397260274 0.24885844748858438
9 0.14897260273972604 0.6495433789954338 0.25428082191780826 0.678082191780822
50 0.1168664383561644 0.486529676881555 0.2337328767123288 0.6123287601558042
50 0.584332191780822 0.7990867579908675 0.4109589041095891 0.4018264840182648
13 0.45462328767123295 0.4611872146118721 0.21318493150684936 0.8904109589041096
