22 0.46265628933906555 0.810801088809967 0.13663701713085175 0.32895079255104065
12 0.8721809387207031 0.7583596706390381 0.06106090545654297 0.1277901530265808
6 0.5517793893814087 0.7601392865180969 0.06281792372465134 0.12263573706150055
5 0.8121216386070338 0.6184862999525815 0.06717527369449729 0.25366266040149293
43 0.75 0.8401968401968403 0.19696969696969688 0.1885521885521885
55 0.2534965034965035 0.38642838642838645 0.5046620046620046 0.7728567728567729
44 0.6664882162772227 0.5555926489357468 0.16345183763088664 0.18880392750595354
44 0.6532129401244631 0.7030957172997759 0.11201014253893439 0.1239025774257845
21 0.7584802285467634 0.6418159237501571 0.03642029053995373 0.10547525002251809
21 0.7514311400551594 0.5180652591197764 0.034070594376085984 0.11905127230264415
