19 0.8707037643207853 0.8108747044917259 0.25859247135842833 0.3782505910165482
49 0.7643207855973813 0.7084924531733043 0.1309328968903438 0.2996908528823423
27 0.9124386252045826 0.44808146935806514 0.13584288052373167 0.09310783778868881
42 0.2700490998363339 0.45681032915075453 0.06546644844517185 0.09892707765048192
52 0.4230769230769232 0.11056555737406805 0.14566284779050734 0.2211311147481361
42 0.39689034369885434 0.6823058737952354 0.12274959083469725 0.2182214948172395
42 0.32815057283142385 0.44226222949627214 0.07692307692307697 0.09892707765048186
19 0.5613747954173486 0.4844517184942717 0.06219312602291318 0.1309328968903437
19 0.5728314238952538 0.32005819239861794 0.042553191489361666 0.11638479723586101
42 0.17103109656301135 0.7502273140571011 0.3420621931260227 0.48790689216221106
39 0.88379705400982 0.42771412984178936 0.04582651391162031 0.05819239861793058
34 0.9304418985270049 0.42625931987634114 0.07364975450081829 0.05528277868703398
19 0.5924713584288053 0.47717766866703043 0.039279869067103096 0.09892707765048186
19 0.618657937806874 0.4713584288052372 0.042553191489361666 0.09310783778868881
