46 0.4424229452054794 0.4897260273972603 0.08090753424657543 0.08904109589041098
41 0.47645547945205485 0.33789954337899547 0.2054794520547945 0.2009132420091324
41 0.7769691780821918 0.2397260273972603 0.2953767123287671 0.2557077625570776
41 0.7808219178082192 0.3767123287671233 0.33647260273972607 0.2557077625570777
5 0.3987585616438356 0.2328767123287671 0.044948630136986335 0.16438356164383564
14 0.410958904109589 0.7990867579908675 0.18749999999999992 0.4018264840182648
30 0.17273116438356165 0.39726027397260266 0.06549657534246575 0.09132420091324199
10 0.07769691780821918 0.0319634703196347 0.03467465753424657 0.0639269406392694
10 0.06549657534246575 0.273972602739726 0.023116438356164382 0.06392694063926939
51 0.11429794520547945 0.4200913242009133 0.05650684931506848 0.1689497716894978
51 0.017337328767123288 0.4554794520547945 0.034674657534246575 0.19406392694063931
