6 0.6554064154624939 0.5089635848999023 0.12577775120735168 0.160869762301445
20 0.3974577486515045 0.6487293243408203 0.06297216564416885 0.1825098693370819
22 0.17892616987228394 0.6359315514564514 0.1814788430929184 0.42229071259498596
6 0.35690319538116455 0.8714797496795654 0.1627182960510254 0.24429179728031158
18 0.3484848484848485 0.8857808857808859 0.08391608391608374 0.10152810152810182
18 0.6532634032634033 0.5128205128205127 0.09207459207459191 0.10567210567210603
21 0.2867132867132867 0.5615125615125615 0.06526806526806528 0.15747215747215754
27 0.42948717948717957 0.27557627557627556 0.16200466200466201 0.10774410774410775
41 0.6544289044289044 0.171976171976172 0.2062937062937062 0.2154882154882155
50 0.4696969696969696 0.7103082103082103 0.8927738927738926 0.5793835793835789
2 0.05769230769230768 0.1224553192936982 0.11538461538461536 0.1612017675250097
19 0.9563074686464317 0.2915861345121455 0.08158551565713282 0.08684927266473057
