21 0.21024408284023668 0.9467455621301782 0.07433431952662714 0.10256410256410248
44 0.6296227810650887 0.7879684418145956 0.13424556213017752 0.1321499013806705
6 0.8814718934911244 0.9339250493096648 0.09652366863905329 0.11637080867850087
6 0.6235207100591716 0.8727810650887575 0.09763313609467464 0.07692307692307702
6 0.6268491124260355 0.9171597633136095 0.08653846153846154 0.055226824457593866
21 0.9519230769230768 0.9072978303747535 0.06878698224852073 0.1104536489151873
21 0.9480399408284024 0.11439842209072978 0.09208579881656817 0.22879684418145957
44 0.7072855029585798 0.18441814595660752 0.08764792899408277 0.09270216962524654
44 0.8187869822485205 0.16863905325443787 0.13979289940828393 0.10059171597633139
44 0.7599852071005917 0.05917159763313609 0.0954142011834321 0.11834319526627218
