1 0.10017123287671233 0.6369863013698631 0.08732876712328767 0.1735159817351598
34 0.5702054794520548 0.8184931506849316 0.06421232876712324 0.07077625570776264
46 0.6279965753424658 0.4509132420091324 0.04366438356164395 0.07077625570776264
29 0.2979452054794521 0.4954337899543379 0.007705479452054789 0.022831050228310515
29 0.38334760273972607 0.3139269406392694 0.06549657534246571 0.05707762557077625
35 0.2735445205479452 0.3595890410958904 0.035958904109589046 0.06164383561643838
38 0.3037243150684931 0.3561643835616438 0.037243150684931475 0.06392694063926939
38 0.2684075342465754 0.3595890410958904 0.03595890410958909 0.07534246575342465
10 0.20226883561643838 0.3618721461187215 0.019263698630136973 0.0342465753424657
21 0.1939212328767123 0.11187214611872145 0.04109589041095891 0.1050228310502283
5 0.4976455479452055 0.589041095890411 0.04238013698630141 0.16438356164383555
14 0.2985873287671233 0.5102739726027398 0.09375 0.07534246575342465
52 0.4616866438356165 0.0730593607305936 0.06549657534246578 0.1461187214611872
32 0.6986301369863014 0.32876712328767127 0.22602739726027393 0.4657534246575343
32 0.5657106164383562 0.567351598173516 0.12457191780821915 0.3584474885844749
50 0.23309075342465754 0.42123287671232873 0.2529965753424658 0.7283105022831049
50 0.5811215753424658 0.7876712328767124 0.3737157534246575 0.4246575342465754
13 0.4404965753424658 0.3299086757990867 0.20291095890410957 0.6506849315068493
25 0.5400256849315069 0.910958904109589 0.019263698630136973 0.06392694063926939
14 0.545804794520548 0.9155251141552512 0.11044520547945204 0.1689497716894978
