0 0.4292671203199201 0.5087976122369867 0.11988665240270899 0.13826292613241614
5 0.855156847039694 0.7514173630356273 0.0898972602739725 0.42694063926940723
14 0.37832285315775654 0.6982253598869782 0.2183219178082191 0.1735159817351599
16 0.7570633561643837 0.44178082191780815 0.11943493150684943 0.27168949771689493
24 0.8289811643835617 0.6815068493150684 0.10659246575342465 0.22146118721461186
27 0.8398972602739729 0.6746575342465754 0.2183219178082199 0.27168949771689493
30 0.0372431506849315 0.5490867579908676 0.05650684931506848 0.06621004566210047
39 0.7724743150684933 0.8378995433789954 0.08604452054794522 0.06392694063926939
41 0.274904086621124 0.49466493433286574 0.18236301369863037 0.17470743189846352
50 0.8435359589041093 0.5000000000000001 0.3129280821917804 1.0000000000000002
41 0.47003424657534254 0.2636986301369863 0.21832191780821922 0.10730593607305941
41 0.479666095890411 0.3458904109589041 0.23501712328767127 0.10730593607305934
