49 0.1444777397260274 0.7796803652968033 0.13227739726027388 0.28538812785388085
27 0.4995719178082193 0.7739726027397259 0.19006849315068497 0.29680365296803657
34 0.5997431506849316 0.8801369863013698 0.03339041095890408 0.038812785388127796
21 0.5079195205479453 0.3812785388127854 0.0500856164383562 0.12785388127853878
35 0.6401969178082192 0.79337899543379 0.03467465753424662 0.07990867579908681
38 0.6408390410958904 0.7785388127853881 0.04366438356164387 0.10045662100456625
38 0.6832191780821918 0.8184931506849316 0.05650684931506845 0.093607305936073
29 0.8232020547945206 0.7842465753424658 0.12842465753424662 0.12100456621004554
0 0.8418236301369864 0.8949771689497718 0.15025684931506844 0.21004566210045666
50 0.581763698630137 0.6529680365296803 0.382705479452055 0.6803652968036528
13 0.8623715753424659 0.4908675799086758 0.2684075342465754 0.9817351598173516
13 0.2748287671232877 0.4737442922374429 0.18236301369863014 0.9474885844748858
