27 0.13949092741935482 0.5877016129032259 0.20866935483870963 0.1149193548387096
41 0.40202872983870963 0.3719758064516129 0.13722278225806447 0.12298387096774192
17 0.6418850806451613 0.44354838709677424 0.12021169354838697 0.09274193548387095
13 0.5239415322580645 0.1905241935483871 0.17011088709677424 0.3810483870967742
13 0.7496219758064515 0.20967741935483872 0.15650201612903217 0.41532258064516125
19 0.6968826979030388 0.3848713758972994 0.06870558641642405 0.060053771830652136
19 0.7366746833692184 0.41642505262187934 0.06355266743519145 0.05191088751463165
19 0.7695961101937536 0.4444162174582003 0.0664154002025431 0.03867870050109787
45 0.8652973790322582 0.3578629032258065 0.13835685483870974 0.5020161290322581
45 0.9598664314516128 0.3580645130526635 0.08026713709677423 0.591129026105327
