5 0.8341181506849316 0.7579908675799086 0.08347602739726029 0.4246575342465754
39 0.7686215753424658 0.845890410958904 0.09631849315068479 0.08904109589041098
16 0.7352311643835617 0.4383561643835616 0.10659246575342465 0.273972602739726
50 0.8441780821917806 0.5068493150684931 0.3116438356164373 0.9863013698630134
2 0.4835188356164383 0.46575342465753417 0.4045376712328766 0.18721461187214558
2 0.6453339041095887 0.3778538812785388 0.08347602739726005 0.08447488584474876
41 0.45976027397260283 0.2636986301369863 0.21832191780821922 0.10730593607305941
41 0.46875 0.3424657534246575 0.21061643835616436 0.08219178082191778
41 0.2671232876712329 0.410958904109589 0.1797945205479452 0.15525114155251146
14 0.3602311643835616 0.7020547945205479 0.2324486301369863 0.17579908675799075
30 0.01797945205479452 0.5474885843660189 0.03595890410958904 0.08127853859505152
