21 0.38142123287671237 0.639269406392694 0.03595890410958909 0.1050228310502282
52 0.5907534246575342 0.5205479452054794 0.11044520547945204 0.3926940639269407
29 0.545804794520548 0.7990867579908677 0.05650684931506845 0.06849315068493154
10 0.39811643835616445 0.1872146118721461 0.15410958904109592 0.2191780821917808
16 0.49186643835616445 0.08561643835616438 0.6626712328767124 0.17123287671232876
13 0.0918236301369863 0.11643835616438356 0.1836472602739726 0.2328767123287671
13 0.6215753424657535 0.6792237442922374 0.22859589041095896 0.6415525114155252
35 0.4392123287671233 0.8618721461187215 0.030821917808219156 0.06164383561643845
38 0.4392123287671233 0.8630136986301369 0.03595890410958901 0.09589041095890409
38 0.4719606164383562 0.8630136986301369 0.04238013698630141 0.09132420091324192
34 0.3775684931506849 0.9303652968036531 0.028253424657534297 0.0433789954337901
46 0.8251284246575343 0.9303652968036531 0.06292808219178085 0.06164383561643845
32 0.8891267123287672 0.7888127853881278 0.22174657534246564 0.4223744292237443
50 0.4128852739726028 0.7773972602739727 0.23758561643835616 0.4452054794520548
28 0.2786815068493151 0.14840182648401826 0.05650684931506848 0.10502283105022832
