6 0.3840497136116028 0.6919006109237671 0.083165742456913 0.12474704533815384
5 0.8134472966194153 0.5359644889831543 0.06317196041345596 0.22909054160118103
12 0.844668984413147 0.590179443359375 0.042134858667850494 0.10546055436134338
21 0.7072180398416407 0.43798451016400647 0.05038414150476456 0.11817525327205658
0 0.5268065268065264 0.6526806526806529 0.2657342657342656 0.5345765345765349
21 0.756993006993007 0.5957005957005957 0.04778554778554778 0.13053613053613064
21 0.6963869463869463 0.5356125356125356 0.04079254079254085 0.10981610981610984
21 0.7412587412587414 0.5542605542605543 0.039627039627039694 0.12639212639212638
21 0.8898601398601399 0.545972545972546 0.04079254079254071 0.17612017612017614
43 0.7086247086247087 0.745920745920746 0.17249417249417248 0.1533281533281533
44 0.13752913752913754 0.6236726236726238 0.22377622377622378 0.22377622377622372
