1 0.24015410958904113 0.5422374429223744 0.06421232876712335 0.1621004566210046
24 0.5040667808219178 0.7773972602739727 0.06806506849315071 0.1803652968036529
5 0.5849743150684932 0.6210045662100456 0.05008561643835605 0.20547945205479456
34 0.6222174657534246 0.8904109589041096 0.05779109589041099 0.07762557077625559
46 0.7371575342465754 0.5513698630136986 0.04366438356164395 0.093607305936073
35 0.41288527397260283 0.3470319634703196 0.03210616438356162 0.06849315068493152
38 0.4103167808219178 0.343607305936073 0.03981164383561648 0.09360730593607308
38 0.4430650684931507 0.3595890410958904 0.046232876712328806 0.05707762557077622
21 0.3647260273972603 0.09589041095890412 0.03595890410958901 0.1278538812785388
29 0.4193065068493151 0.47602739726027393 0.014126712328767183 0.025114155251141527
29 0.523972602739726 0.32876712328767127 0.05907534246575338 0.07762557077625566
10 0.3538099315068493 0.32191780821917804 0.014126712328767112 0.02283105022831048
32 0.8276969178082192 0.47260273972602745 0.23244863013698633 0.5022831050228311
32 0.6523972602739725 0.6404109589041096 0.15667808219178078 0.3767123287671234
50 0.3820633561643836 0.3698630136986301 0.2735445205479452 0.7031963470319634
50 0.6665239726027398 0.7979452054794521 0.41866438356164387 0.3858447488584475
13 0.6125856164383562 0.3321917808219178 0.3493150684931507 0.6461187214611873
52 0.6459760273972602 0.10958904109589042 0.1027397260273974 0.20547945205479454
