39 0.39591866731643677 0.6322301030158997 0.032501220703125 0.04345669224858284
17 0.6492565524193548 0.8780241935483872 0.20526713709677424 0.17540322580645168
50 0.4156376008064515 0.7580645161290324 0.4592993951612902 0.4838709677419355
45 0.8102948588709676 0.5120967741935484 0.1304183467741936 0.4879032258064517
45 0.9315146169354835 0.5457661305704422 0.13697076612903208 0.6157258095279812
27 0.08051915322580644 0.5997983870967742 0.1542338709677419 0.10282258064516135
41 0.3770791330645162 0.49798387096774194 0.1485635080645161 0.12903225806451615
36 0.33680332703424853 0.4394220418305204 0.061523078943745306 0.043133551434738564
19 0.6377739306432685 0.519855322888586 0.05538297736042225 0.04824472694507889
19 0.6638039300026669 0.5449622726253108 0.06036744532286015 0.04036803683159668
19 0.7025720141549625 0.5700692223620357 0.052059998718796976 0.05612141705856132
13 0.48765120967741926 0.2631048387096774 0.1633064516129032 0.5181451612903225
13 0.7053931451612903 0.2620967741935484 0.15196572580645154 0.5241935483870968
