0 0.4511217948717949 0.46533713200379867 0.09134615384615387 0.1842355175688509
5 0.1514423076923077 0.7711301044634379 0.06570512820512825 0.37986704653371317
4 0.46233974358974367 0.8860398860398859 0.17467948717948723 0.1595441595441595
16 0.08840811965811966 0.22459639126305794 0.1736111111111111 0.4491927825261159
41 0.6888354700854701 0.6471984805318138 0.1308760683760684 0.1490978157644824
41 0.3271901709401709 0.5479582146248813 0.125534188034188 0.14814814814814808
36 0.5512820512820512 0.6733143399810066 0.09188034188034187 0.051282051282051384
55 0.37072649572649574 0.21794871794871795 0.09722222222222214 0.4358974358974359
55 0.4631410256410256 0.2312440645773979 0.07692307692307693 0.46058879392212726
55 0.547542735042735 0.2264957264957265 0.08012820512820518 0.44729344729344733
55 0.6383547008547009 0.23266856600189934 0.0886752136752137 0.46533713200379867
