24 0.42770015196788363 0.7700484464015988 0.12077534791252463 0.1312127236580519
27 0.48645626242544737 0.679920477137177 0.18787276341948314 0.29025844930417494
18 0.46744532803180916 0.34791252485089463 0.05591451292246518 0.08349900596421467
5 0.5183275347912526 0.30218687872763417 0.03690357852882706 0.15904572564612324
5 0.44843439363817095 0.47713717693836977 0.03131212723658045 0.11133200795228632
42 0.38133697813121276 0.2664015904572565 0.05591451292246518 0.16699801192842945
42 0.41488568588469193 0.25447316103379725 0.05367793240556658 0.2385685884691849
7 0.472477634194831 0.2544731610337972 0.03914015904572565 0.09542743538767393
7 0.6026724269766016 0.35464138247438415 0.026838966202783344 0.14314115308151143
4 0.7252112326043738 0.4711729622266402 0.05479622266401592 0.10337972166998015
4 0.8001366799204771 0.2803180914512923 0.06821570576540764 0.09940357852882706
4 0.8963096421471173 0.2982107355864811 0.10400099403578522 0.08747514910536779
13 0.20800198807157058 0.5119284294234593 0.19458250497017893 0.89662027833002
14 0.6394589487048141 0.8862943961610867 0.1420228628230614 0.13320079522862838
34 0.6256833996023857 0.7246520874751491 0.050323061630218574 0.06560636182902585
