1 0.03981164383561644 0.43264840182648406 0.07191780821917808 0.18493150684931506
28 0.8835616438356165 0.02397260273972603 0.06421232876712338 0.04794520547945206
35 0.2420804794520548 0.24200913242009128 0.03467465753424658 0.06392694063926943
38 0.24400684931506852 0.23515981735159816 0.03339041095890412 0.07762557077625573
38 0.2741866438356164 0.2465753424657534 0.03981164383561648 0.08219178082191782
10 0.1759417808219178 0.2077625570776256 0.020547945205479437 0.04109589041095891
29 0.253638698630137 0.3789954337899543 0.0218321917808219 0.027397260273972605
14 0.24914383561643838 0.3881278538812785 0.10273972602739725 0.10958904109589042
29 0.35830479452054803 0.226027397260274 0.06678082191780824 0.08219178082191782
52 0.46553938356164387 0.07077625570776255 0.06292808219178085 0.1415525114155251
46 0.5836900684931507 0.46004566210045666 0.04238013698630141 0.08904109589041105
34 0.48030821917808225 0.8025114155251143 0.06678082191780824 0.07990867579908681
32 0.675513698630137 0.406392694063927 0.20804794520547942 0.4383561643835617
32 0.5220462328767124 0.5605022831050228 0.13227739726027402 0.34931506849315064
50 0.19841609589041098 0.32305936073059366 0.23758561643835618 0.6415525114155252
50 0.49764554794520555 0.75 0.3274828767123289 0.5
13 0.4449914383561644 0.2865296803652968 0.3428938356164384 0.5684931506849314
