1 0.04045376712328767 0.4360730593607306 0.07833904109589042 0.16438356164383564
29 0.2549229452054795 0.37214611872146114 0.011558219178082182 0.022831050228310515
14 0.2510702054794521 0.38926940639269403 0.10145547945205478 0.11643835616438353
35 0.24336472602739725 0.23401826484018265 0.03467465753424658 0.07077625570776253
38 0.24015410958904113 0.22031963470319635 0.046232876712328765 0.10273972602739725
38 0.2799657534246575 0.24885844748858446 0.05136986301369866 0.0593607305936073
10 0.1752996575342466 0.2089041095890411 0.01669520547945204 0.04337899543378995
28 0.8867722602739727 0.028538812785388126 0.08347602739726029 0.05707762557077625
29 0.35894691780821913 0.22716894977168947 0.06292808219178077 0.07990867579908677
52 0.47067636986301375 0.05479452054794521 0.06549657534246578 0.10958904109589042
34 0.4841609589041096 0.8036529680365296 0.05650684931506845 0.05936073059360737
46 0.5888270547945206 0.4623287671232877 0.047517123287671194 0.07077625570776248
32 0.6742294520547945 0.39497716894977175 0.2003424657534247 0.4429223744292238
32 0.5162671232876712 0.5479452054794521 0.11558219178082191 0.3424657534246575
50 0.18621575342465754 0.3321917808219178 0.24143835616438356 0.6643835616438356
50 0.49571917808219185 0.7591324200913242 0.336472602739726 0.4817351598173516
13 0.4482020547945206 0.2842465753424657 0.3544520547945206 0.545662100456621
