0 0.27372774387511156 0.3751651254953765 0.45817090176520814 0.10039630118890365
1 0.7894637076569739 0.5997357992073976 0.1691707944979231 0.17965653896961706
4 0.08341060006494815 0.16116248348745046 0.1668212001298963 0.10568031704095113
4 0.09163418035304162 0.28665785997357995 0.17856917197002983 0.08190224570673717
4 0.34891476365196616 0.2926023778071334 0.24200821990675095 0.08058124174372519
16 0.09280897753705497 0.9207397622192866 0.18561795507410994 0.15852047556142665
14 0.5298335299900228 0.44121532364597094 0.36418712704413975 0.06340819022457068
21 0.3289432115237392 0.6948480845442536 0.16917079449792305 0.12681638044914137
4 0.05169107609658759 0.05482166446499339 0.10338215219317518 0.07529722589167767
38 0.5180855581498891 0.3348745046235138 0.10573174656120188 0.09114927344782028
50 0.34069118336387255 0.39828269484808465 0.6813823667277451 0.6803170409511232
