0 0.38887420718816074 0.40803382663847776 0.08800211416490483 0.11416490486257928
1 0.048163319238900645 0.4334038054968288 0.06302854122621566 0.08879492600422836
7 0.5981765327695561 0.28964059196617337 0.07848837209302331 0.054968287526427025
9 0.3549815010570825 0.7071881606765328 0.15816596194503177 0.5771670190274841
9 0.5101744186046513 0.7505285412262157 0.14746300211416488 0.4989429175475687
9 0.7058007399577169 0.7917547568710358 0.13438160676532768 0.41649048625792817
20 0.6225554968287527 0.5369978858350951 0.02021670190274847 0.0845665961945032
20 0.6903409090909091 0.5105708245243129 0.020216701902748328 0.06976744186046503
20 0.7093683932346724 0.5243128964059197 0.015459830866807635 0.0761099365750529
20 0.7385042283298098 0.5253699788583509 0.021405919661733604 0.0697674418604651
21 0.31930496828752647 0.41543340380549687 0.04637949260042287 0.09513742071881609
21 0.3692521141649049 0.4302325581395349 0.034487315010570826 0.0824524312896406
22 0.7836945031712474 0.4978858350951374 0.040433403805496655 0.11205073995771678
39 0.06659619450317125 0.48731501057082455 0.08086680761099366 0.014799154334038035
39 0.1171379492600423 0.45665961945031713 0.04400105708245244 0.02536997885835092
50 0.5868789640591967 0.7346723044397462 0.5196881606765328 0.4799154334038052
9 0.5066067653276956 0.4450317124735729 0.09989429175475685 0.09513742071881609
9 0.6356368921775899 0.4439746300211416 0.10108350951374213 0.10147991543340382
38 0.09751585623678646 0.379492600422833 0.042811839323467236 0.1247357293868922
