21 0.03274828767123288 0.1415525114155251 0.05779109589041097 0.1278538812785388
34 0.6157962328767124 0.7100456621004567 0.06035958904109592 0.059360730593607226
5 0.479666095890411 0.5536529680365296 0.05779109589041091 0.21689497716894976
24 0.49379280821917815 0.7363013698630138 0.10916095890410965 0.12100456621004568
25 0.6145119863013698 0.8047945205479452 0.03210616438356176 0.07077625570776234
14 0.6241438356164385 0.8287671232876712 0.1464041095890412 0.17808219178082196
32 0.6344178082191781 0.27853881278538806 0.24400684931506858 0.273972602739726
32 0.5496575342465754 0.5159817351598174 0.1875 0.2922374429223744
9 0.16374143835616436 0.6518264840182648 0.2658390410958904 0.687214611872146
50 0.12264554794520549 0.41803652619662346 0.24529109589041098 0.4981735090142515
50 0.581763698630137 0.7899543378995435 0.4315068493150685 0.4200913242009132
13 0.45141267123287676 0.4874429223744292 0.20933219178082196 0.910958904109589
