0 0.45299145299145294 0.469610636277303 0.08333333333333336 0.1908831908831909
16 0.08840811965811966 0.22554605887939222 0.1736111111111111 0.45109211775878444
5 0.15598290598290598 0.7758784425451093 0.059829059829059845 0.3817663817663817
36 0.5531517094017094 0.6761633428300096 0.09027777777777779 0.056980056980057016
41 0.6888354700854701 0.6415004748338081 0.12873931623931617 0.15289648622981958
41 0.3269230769230769 0.5512820512820512 0.13247863247863248 0.14529914529914528
55 0.37152777777777785 0.2222222222222222 0.0988247863247863 0.4444444444444444
55 0.46207264957264954 0.22744539411206077 0.07158119658119659 0.4453941120607787
55 0.547542735042735 0.23836657169990502 0.08653846153846154 0.47673314339981004
55 0.6428952991452991 0.2435897435897436 0.09027777777777786 0.47958214624881296
