0 0.16886182902584493 0.7882703777335983 0.24155069582504976 0.41550695825049694
24 0.6150596421471174 0.7882703777335984 0.09169980119284311 0.18489065606361835
7 0.5228006958250497 0.7495029821073558 0.05479622266401599 0.11133200795228618
5 0.9404821073558648 0.6719681908548708 0.06486083499005957 0.16699801192842942
27 0.7615556660039762 0.6073558648111332 0.23707753479125246 0.3797216699801193
34 0.8090830019880716 0.8946322067594433 0.150969184890656 0.10337972166998015
36 0.4137673956262421 0.6898608349900597 0.16103379721669975 0.12326043737574555
38 0.49092942345924456 0.5795228628230616 0.07604373757455278 0.12524850894632203
5 0.8638792246520876 0.2654075546719682 0.052559642147117246 0.23658051689860837
4 0.6888667992047715 0.08449304174950298 0.16327037773359848 0.14512922465208747
31 0.7291252485089464 0.3538767395626243 0.11406560636182903 0.06759443339960242
