33 0.5722610722610723 0.8221963221963222 0.12587412587412586 0.3556073556073555
41 0.11072261072261068 0.7003367003366998 0.21445221445221435 0.3356643356643357
13 0.3111888111888112 0.3284123284123284 0.24242424242424246 0.6526806526806527
13 0.634032634032634 0.3512043512043512 0.2261072261072262 0.6941206941206941
19 0.5184767310069968 0.5971168342657939 0.09103197151450154 0.07366265281173462
19 0.5651704538823337 0.635491991537089 0.07851350591450725 0.06978978303511767
19 0.6089364284630552 0.6651998045858214 0.061007116082218704 0.06696046750666694
19 0.6397052348349572 0.7109404056291079 0.07586102260658464 0.07356220373971838
45 0.7628205128205127 0.664076664076664 0.23892773892773847 0.6443926443926443
45 0.9149184149184149 0.6543641543641538 0.1701631701631702 0.691271691271691
