21 0.4430650684931507 0.21461187214611868 0.041095890410958874 0.1004566210045662
10 0.4783818493150685 0.4577625570776256 0.016695205479452115 0.025114155251141527
29 0.5547945205479453 0.58675799086758 0.012842465753424648 0.022831050228310515
29 0.6479023972602741 0.410958904109589 0.06549657534246578 0.04566210045662103
0 0.6581763698630136 0.5228310502283106 0.096318493150685 0.2465753424657533
39 0.7384417808219179 0.7808219178082192 0.05136986301369859 0.10958904109589042
46 0.9291523972602741 0.6118721461187215 0.0500856164383562 0.08219178082191782
1 0.37885273972602745 0.6883561643835617 0.07191780821917809 0.14840182648401823
49 0.047517123287671235 0.6273972601651056 0.09503424657534247 0.1881278540990123
35 0.5355308219178083 0.46004566210045666 0.025684931506849366 0.0525114155251142
34 0.545804794520548 0.5205479452054794 0.020547945205479506 0.04109589041095894
38 0.5310359589041096 0.45205479452054786 0.03210616438356162 0.07305936073059364
27 0.4751712328767123 0.523972602739726 0.11044520547945211 0.07077625570776264
38 0.5669948630136986 0.45433789954337894 0.04238013698630141 0.06849315068493154
14 0.5528681506849316 0.6073059360730594 0.08604452054794522 0.07305936073059364
52 0.7570633561643837 0.13356164383561644 0.07577054794520549 0.2671232876712329
32 0.955265410958904 0.4477168914934272 0.08946917808219183 0.4479451985119685
32 0.8450342465753425 0.7203196347031964 0.1643835616438355 0.408675799086758
50 0.5124143835616438 0.5376712328767124 0.2157534246575343 0.728310502283105
50 0.8071489726027398 0.8504566210045661 0.33005136986301364 0.29908675799086765
13 0.763484589041096 0.3858447488584475 0.3762842465753425 0.7488584474885844
