27 0.28574486301369867 0.5068493150684931 0.1528253424657534 0.12785388127853886
34 0.3904109589041096 0.550228310502283 0.03595890410958901 0.06849315068493148
39 0.4372859589041096 0.5753424657534247 0.04238013698630134 0.10045662100456625
29 0.35894691780821913 0.6358447488584474 0.01669520547945204 0.03424657534246577
29 0.6517551369863014 0.5114155251141552 0.10145547945205471 0.12328767123287669
0 0.6652397260273973 0.704337899543379 0.12585616438356176 0.3904109589041096
46 0.7904537671232876 0.9406392694063928 0.06806506849315057 0.1187214611872146
52 0.8482448630136986 0.16552511415525115 0.12200342465753422 0.3310502283105023
21 0.30693493150684936 0.0684931506849315 0.0488013698630137 0.1278538812785388
35 0.43022260273972607 0.48401826484018257 0.03339041095890408 0.06392694063926946
38 0.4295804794520548 0.46004566210045666 0.04238013698630141 0.10730593607305941
38 0.4719606164383562 0.4977168949771689 0.03467465753424662 0.13242009132420088
10 0.375 0.4406392694063927 0.015410958904109578 0.04566210045662103
14 0.358304794520548 0.6563926940639269 0.11301369863013701 0.1575342465753424
49 0.032748287671232876 0.46369862665324457 0.06549657534246575 0.209589048063374
50 0.3518835616438356 0.502283105022831 0.3724315068493151 0.9954337899543378
13 0.7915239726027398 0.5034246575342466 0.41695205479452047 0.9931506849315069
