24 0.4354785660406881 0.7727077016053601 0.13531312127236558 0.13518886679920455
14 0.6490124220606072 0.8711488857237655 0.12860337972167002 0.11928429423459268
5 0.45067097415506957 0.4960238568588469 0.026838966202783324 0.1371769383697813
5 0.5172092445328031 0.31709741550695825 0.030193836978131258 0.17693836978131214
4 0.7285661033797216 0.4681908548707754 0.07939860834990072 0.1133200795228629
4 0.802373260437376 0.2842942345924453 0.07045228628230618 0.11928429423459246
4 0.8996645129224652 0.2892644135188867 0.09505467196819083 0.07355864811133202
13 0.1822813121272366 0.5218687872763419 0.19681908548707752 0.8489065606361827
42 0.3997887673956263 0.2455268389662028 0.07716202783300204 0.24055666003976145
18 0.4702410536779324 0.35188866799204777 0.05032306163021864 0.0715705765407555
7 0.46744532803180916 0.2654075546719682 0.03578528827037772 0.10934393638170974
7 0.5615746626688112 0.38717673728770463 0.09952783300198793 0.05168986083499014
42 0.5535536779324056 0.5288270377733598 0.0715705765407555 0.07157057654075544
27 0.4853379721669981 0.6819085487077535 0.17892644135188868 0.2783300198807157
34 0.6262425447316103 0.7365805168986083 0.06262425447316097 0.06163021868787283
