1 0.01990582191780822 0.6589041061052993 0.03981164383561644 0.1570776325382598
21 0.132277397260274 0.14840182648401826 0.04109589041095891 0.12328767123287669
29 0.21767979452054795 0.5525114155251142 0.014126712328767112 0.013698630136986339
29 0.3172089041095891 0.38242009132420096 0.07191780821917809 0.07990867579908674
14 0.21896404109589043 0.562785388127854 0.10402397260273971 0.08904109589041098
35 0.19648972602739725 0.4155251141552511 0.03852739726027398 0.06392694063926939
38 0.1990582191780822 0.4052511415525114 0.035958904109589046 0.08447488584474883
38 0.2324486301369863 0.4155251141552511 0.0436643835616438 0.07305936073059356
10 0.12585616438356165 0.39840182648401823 0.02054794520547947 0.025114155251141527
52 0.42315924657534254 0.1038812785388128 0.08090753424657528 0.18493150684931506
34 0.48287671232876717 0.9018264840182648 0.05393835616438359 0.06849315068493154
46 0.559931506849315 0.5547945205479452 0.048801369863013734 0.0867579908675799
32 0.6369863013698631 0.46917808219178087 0.22345890410958907 0.42694063926940634
50 0.15667808219178084 0.4726027397260274 0.25428082191780826 0.771689497716895
50 0.4963613013698631 0.8299086757990868 0.38398972602739734 0.3401826484018264
13 0.4013270547945206 0.363013698630137 0.30179794520547953 0.726027397260274
28 0.805222602739726 0.04223744292237442 0.05907534246575352 0.07990867579908674
