27 0.7637978830645161 0.7862903225806451 0.15536794354838704 0.32258064516129037
41 0.8940902217741926 0.6574596772270814 0.21181955645161277 0.26249999961545356
13 0.1548009072580645 0.22681451612903217 0.20753528225806456 0.45362903225806434
22 0.5711239663938994 0.23877563933414198 0.045057054861548165 0.12168079955824396
20 0.5042262780689291 0.23113237303023215 0.01788524315114891 0.05503151738815049
5 0.6020441737278339 0.04181511351808096 0.017757577181105547 0.08363022703616194
5 0.5724482117593247 0.03683053044970045 0.01838065006465314 0.07033800552048057
5 0.6325747450216643 0.07753795884147463 0.03894205522172271 0.03212286866289664
21 0.5317927061078461 0.21904473372716576 0.01682296785578423 0.05150735837326529
21 0.496121783524748 0.20270637811414086 0.014642212763367652 0.04319971992596443
21 0.5101409234045682 0.1894141565984595 0.015265285646915316 0.032122868662896625
21 0.5210446988666505 0.21184478040617172 0.015265285646915318 0.03710745173127712
21 0.5875577291853529 0.05399964990745556 0.012461457670951148 0.04596893274173141
7 0.6161367610424522 0.2716768212339858 0.019077015401988716 0.041287453623627964
36 0.5304239717205157 0.26861420720610363 0.03566572444719654 0.03686379787823924
