21 0.41702795028686523 0.6792502999305725 0.07293834537267685 0.10048234462738037
6 0.5050870776176453 0.714131236076355 0.10407447814941406 0.11349063366651535
12 0.8297478000878736 0.7363835573196408 0.051917954358882315 0.11391499638557426
5 0.7708289239388462 0.604559799252953 0.068888167325303 0.2377581998090078
21 0.7198852740552776 0.6280408222907878 0.04251824302448009 0.11446180979288766
21 0.7183667653758312 0.5119592699064909 0.039481225665589224 0.12418026534134036
21 0.8953689860540348 0.6535766573346043 0.0475416779230273 0.13900156336724853
44 0.6404428904428903 0.5376845376845377 0.15268065268065262 0.17612017612017603
44 0.621212121212121 0.6557886557886549 0.10489510489510526 0.13882413882413872
43 0.6998834498834499 0.7935767935767936 0.18065268065268078 0.15747215747215748
