6 0.1912993540479376 0.6431874974329895 0.08165199035472419 0.07130622159632774
41 0.1428931451612903 0.22278225806451615 0.1633064516129032 0.24395161290322584
36 0.3583669354838708 0.2472684438769727 0.12001145046961006 0.1362506236354648
19 0.7120046384793004 0.37662999131016334 0.06678184872820622 0.05963270104598827
19 0.7457005027919342 0.4181018243103282 0.07257570775028796 0.049332507228953416
19 0.7934236047369779 0.45821836865035676 0.05763365027228533 0.06451174022247737
27 0.04196068548387097 0.48004032334973734 0.08392137096774194 0.08427419201020271
39 0.02721774193548387 0.6381048387096774 0.05216733870967742 0.07056451612903217
13 0.542086693548387 0.19858870967741937 0.17691532258064513 0.37298387096774194
13 0.8023563508064515 0.21875000000000003 0.18712197580645154 0.43346774193548393
45 0.9224420362903227 0.4336693517623405 0.15511592741935457 0.5568548325569392
50 0.6077368951612899 0.7762096774193538 0.7845262096774193 0.44758064516128987
