9 0.745817843866171 0.7723048327137546 0.34014869888475835 0.43308550185873607
9 0.44191449814126393 0.6078066914498141 0.13940520446096655 0.4014869888475836
12 0.7144516728624535 0.4925650557620817 0.057156133828996335 0.052044609665427476
22 0.6069460776875805 0.45796032167513845 0.06273234200743488 0.17657992565055763
25 0.028578066914498143 0.5306691449814126 0.05157992565055762 0.06505576208178432
55 0.09131040892193308 0.26951672862453535 0.08782527881040894 0.3643122676579926
43 0.7088754646840149 0.49721189591078063 0.10734200743494426 0.06133828996282532
33 0.19725836431226768 0.45353159851301117 0.04879182156133826 0.33085501858736066
50 0.6784386617100373 0.671003717472119 0.6431226765799256 0.550185873605948
20 0.5998086734693877 0.5063775510204082 0.12818877551020408 0.10459183673469388
5 0.6677295918367347 0.4285714285714286 0.045918367346938854 0.15816326530612243
