6 0.509994387626648 0.7254230380058289 0.11226358264684677 0.12689700722694397
21 0.42060452699661255 0.6800119876861572 0.07681722939014435 0.10866614431142807
12 0.8680657148361206 0.7813502550125122 0.08125229179859161 0.1279652863740921
5 0.8044286370277405 0.6304693222045898 0.07998867332935333 0.25616177916526794
43 0.7144522144522145 0.8329448329448329 0.1911421911421912 0.1989121989121989
44 0.6637529137529138 0.5439005439005439 0.16433566433566432 0.20512820512820518
44 0.6416083916083916 0.6702926702926704 0.11538461538461582 0.13882413882413852
21 0.7513786462521257 0.6463792043730393 0.040892823941374334 0.10797843707395353
21 0.755013830270507 0.5142339428967497 0.0354805384197212 0.13256758611059666
55 0.2447552447552448 0.3275835244219033 0.4895104895104896 0.6501942565174987
