0 0.25725000000000003 0.5546666666666666 0.04950000000000003 0.2026666666666668
4 0.21900000000000003 0.16533333333333336 0.03600000000000001 0.064
9 0.3990000000000001 0.7053333333333334 0.234 0.5733333333333334
24 0.7125 0.6813333333333333 0.075 0.1306666666666667
24 0.765 0.272 0.07799999999999997 0.0906666666666667
32 0.7560000000000001 0.5506666666666666 0.07199999999999988 0.3653333333333333
34 0.7140000000000001 0.8133333333333332 0.06 0.05333333333333343
34 0.6877500000000001 0.5613333333333334 0.03149999999999992 0.034666666666666617
36 0.21300000000000005 0.5613333333333334 0.03600000000000009 0.05066666666666661
50 0.23249999999999996 0.7200000000000005 0.16500000000000012 0.17066666666666674
