10 0.4071061643835617 0.7111872146118722 0.05907534246575338 0.11643835616438367
10 0.46682363013698636 0.6244292237442921 0.019263698630136973 0.04337899543378988
35 0.5368150684931507 0.6655251141552512 0.0436643835616438 0.07990867579908674
38 0.5336044520547945 0.639269406392694 0.04238013698630141 0.12785388127853878
38 0.5791952054794521 0.6746575342465754 0.04109589041095894 0.1164383561643836
34 0.5124143835616439 0.7625570776255708 0.03595890410958901 0.059360730593607226
14 0.479666095890411 0.8789954337899544 0.12970890410958907 0.16894977168949765
27 0.40967465753424664 0.7340182648401827 0.1618150684931507 0.1803652968036529
21 0.39683219178082196 0.2511415525114155 0.04366438356164387 0.13698630136986303
52 0.912457191780822 0.2009132420091324 0.12714041095890394 0.4018264840182648
0 0.7255993150684933 0.821917808219178 0.18236301369863 0.3561643835616438
29 0.7089041095890412 0.6358447488584476 0.1258561643835617 0.14840182648401828
49 0.052011986301369856 0.689041095781544 0.10402397260273971 0.21552511437298505
13 0.1425513698630137 0.4360730593607306 0.23373287671232876 0.8721461187214612
13 0.8090753424657535 0.5057077625570776 0.3724315068493151 0.9885844748858448
