27 0.4831013916500994 0.6709741550695825 0.1722166998011928 0.26441351888667997
5 0.45346669980119286 0.4970178926441352 0.023484095427435393 0.1192842942345925
18 0.47191848906560635 0.3598409542743539 0.05144135188866798 0.06759443339960235
7 0.4702410536779324 0.2664015904572565 0.045849900596421446 0.11133200795228632
5 0.51441351888668 0.31113320079522866 0.029075546719681922 0.18091451292246521
7 0.5664218512483273 0.3725667990052281 0.08610834990059639 0.051689860834990144
34 0.6234468190854872 0.7395626242544731 0.04584990059642152 0.05964214711729639
24 0.42998260437375746 0.8121272365805169 0.12860337972167002 0.1292246520874751
14 0.6430507939750326 0.8779934058114265 0.1364314115308152 0.11133200795228648
4 0.7268886679920479 0.47514910536779326 0.06933399602385677 0.1272365805168986
4 0.8040506958250497 0.2803180914512922 0.07380715705765396 0.12723658051689862
4 0.8963096421471173 0.30119284294234594 0.09729125248508935 0.09741550695825048
13 0.1822813121272366 0.49005964214711734 0.2370775347912525 0.94831013916501
42 0.3947564612326044 0.24254473161033802 0.08946322067594437 0.28230616302186884
43 0.5580268389662028 0.5248508946322068 0.07604373757455278 0.06361829025844934
