1 0.5432363013698631 0.6073059360730594 0.07191780821917809 0.1461187214611873
16 0.2504280821917808 0.3025114155251141 0.12071917808219176 0.2853881278538813
49 0.27932363013698636 0.46917808219178087 0.1168664383561644 0.1118721461187215
2 0.19006849315068494 0.5468036529680366 0.11044520547945208 0.1392694063926941
41 0.06357020547945205 0.6582191779733249 0.1271404109589041 0.4625570774078369
5 0.6125856164383562 0.4132420091324201 0.041095890410958874 0.19634703196347034
35 0.7211044520547945 0.4497716894977168 0.026969178082191833 0.0593607305936073
38 0.7204623287671234 0.44406392694063923 0.030821917808219156 0.09817351598173517
38 0.7512842465753425 0.4634703196347032 0.053938356164383666 0.06392694063926939
10 0.6613869863013698 0.4178082191780822 0.017979452054794648 0.041095890410958874
21 0.6819349315068493 0.1860730593607306 0.048801369863013665 0.11643835616438356
29 0.7185359589041096 0.5742009132420092 0.014126712328767183 0.025114155251141596
29 0.8482448630136986 0.43721461187214605 0.07063356164383564 0.08904109589041098
32 0.9417808219178073 0.7990867579908675 0.11643835616438344 0.401826484018265
50 0.6793664383561642 0.473744292237443 0.2799657534246577 0.7146118721461189
13 0.8634417808219177 0.3972602739726028 0.2731164383561644 0.7945205479452055
