19 0.5507579522862823 0.8538767395626243 0.2158300198807158 0.16898608349900585
19 0.506655643047275 0.5306058519819508 0.0516473752195418 0.04729995306301461
19 0.43961839339362735 0.5180852761711527 0.06364626037155659 0.040807802642600845
19 0.3989265220085338 0.486551974129143 0.03756172743239403 0.03709800240236461
19 0.48604886202533665 0.4355422208258919 0.02921467689186194 0.042662702762719176
19 0.41436147114268496 0.4125507268689567 0.023517234806157104 0.030659506117656506
35 0.4397722908751365 0.3407386020803196 0.017245972191181878 0.022297822631022937
1 0.5734285753567956 0.34910028556695316 0.034491944382363686 0.06549985397862994
1 0.6386889019438813 0.4055416491017301 0.03253217481518391 0.11148911315511484
13 0.451726885234933 0.24144361067654552 0.02547700437333674 0.10243062271126174
13 0.3522614314115306 0.29721669980119286 0.04920477137176964 0.5785288270377733
52 0.7464587475149106 0.21371769383697814 0.07045228628230618 0.415506958250497
