1 0.21767979452054795 0.795662100456621 0.07577054794520549 0.17579908675799089
46 0.7487157534246575 0.7020547945205479 0.05136986301369873 0.093607305936073
52 0.6196489726027398 0.21004566210045664 0.09888698630137 0.33789954337899547
29 0.5008561643835617 0.5319634703196346 0.05907534246575338 0.05936073059360737
29 0.410958904109589 0.6940639269406392 0.025684931506849366 0.018264840182648356
21 0.3454623287671233 0.3207762557077626 0.03595890410958901 0.10730593607305934
32 0.8289811643835613 0.6130136986301359 0.22217465753424703 0.4954337899543377
32 0.6710188356164383 0.7979452054794521 0.1348458904109588 0.38127853881278534
14 0.4071061643835617 0.7020547945205479 0.09246575342465761 0.07990867579908681
34 0.33005136986301375 0.6050228310502282 0.03082191780821919 0.031963470319634625
35 0.3897688356164384 0.5593607305936072 0.03981164383561648 0.050228310502283054
38 0.3904109589041096 0.5593607305936074 0.03595890410958901 0.09132420091324199
38 0.42380136986301364 0.5616438356164384 0.04366438356164387 0.05479452054794521
13 0.6228483886294025 0.4517051115653423 0.2274152310657708 0.8227931248811424
50 0.366652397260274 0.6118721461187215 0.23758561643835624 0.7077625570776256
