1 0.23565924657534246 0.5410958904109588 0.08604452054794517 0.15068493150684936
35 0.41224315068493156 0.3470319634703196 0.030821917808219156 0.06392694063926939
38 0.4103167808219178 0.341324200913242 0.03981164383561648 0.093607305936073
38 0.44178082191780826 0.3584474885844749 0.048801369863013665 0.05479452054794521
10 0.3531678082191781 0.32305936073059366 0.017979452054794506 0.03424657534246581
29 0.41802226027397266 0.4748858447488584 0.01669520547945204 0.027397260273972605
29 0.5258989726027398 0.3367579908675799 0.06806506849315078 0.07990867579908681
5 0.5785530821917808 0.6255707762557079 0.06292808219178077 0.17808219178082205
34 0.6247859589041096 0.8915525114155252 0.06806506849315071 0.0753424657534245
24 0.5092037671232877 0.7796803652968037 0.07833904109589049 0.19863013698630128
46 0.7365154109589043 0.5513698630136986 0.0500856164383562 0.093607305936073
32 0.8199914383561645 0.4794520547945206 0.2632705479452055 0.4931506849315068
32 0.6369863013698631 0.6495433789954338 0.16695205479452063 0.3538812785388128
21 0.3698630136986301 0.09360730593607305 0.030821917808219225 0.1141552511415525
50 0.37564212328767127 0.36757990867579904 0.2863869863013699 0.7168949771689498
50 0.681292808219178 0.8025114155251142 0.4815924657534246 0.3904109589041095
52 0.6466181506849316 0.09246575342465753 0.10145547945205485 0.17579908675799086
13 0.6164383561643837 0.34018264840182655 0.34931506849315075 0.6575342465753425
