6 0.42065340280532837 0.6826222538948059 0.10738382488489151 0.11618420481681824
12 0.8510751724243164 0.6285607218742371 0.04213752597570419 0.10415378212928772
5 0.8215104341506958 0.5721326470375061 0.06489887088537216 0.221352219581604
21 0.7233849748586997 0.4641929344172553 0.04167328029870987 0.12775392830371857
44 0.6070993542671204 0.6122503280639648 0.14929084479808807 0.17670118808746338
44 0.17890442890442884 0.5884485884485884 0.21095571095571086 0.1947681947681947
43 0.7150349650349651 0.7583527583527584 0.16433566433566427 0.14504014504014506
21 0.7086247086247086 0.5687645687645688 0.03496503496503493 0.09738409738409742
21 0.7698135198135199 0.6164206164206163 0.04545454545454547 0.118104118104118
21 0.751165501165501 0.5822325822325822 0.04079254079254071 0.09945609945609953
