0 0.6535604508196721 0.6659836065573771 0.13831967213114751 0.26639344262295084
4 0.6783427254098359 0.49692622950819676 0.0795338114754098 0.05942622950819668
7 0.9674052254098361 0.910860655737705 0.0651895491803279 0.16598360655737693
7 0.4201460040983606 0.48463114754098363 0.06339651639344261 0.05942622950819683
9 0.6345414959016393 0.7520491803278688 0.22476946721311478 0.41393442622950816
10 0.37634477459016386 0.46823770491803274 0.033427254098360636 0.07172131147540974
14 0.5953509221311475 0.5645491803278689 0.261654713114754 0.04303278688524593
14 0.8817879098360655 0.8975409836065574 0.07607581967213121 0.18852459016393439
17 0.5019851434426229 0.9709016377808618 0.15099897540983606 0.056557373922379243
24 0.5365650614754098 0.5204918032786885 0.08644979508196726 0.024590163934426243
27 0.5457863729508197 0.48360655737704916 0.08644979508196726 0.040983606557377004
28 0.5025614754098361 0.38524590163934425 0.07146516393442631 0.22950819672131145
34 0.6362704918032785 0.5163934426229508 0.03227459016393446 0.02868852459016388
41 0.2530097336065573 0.6219262295081966 0.11872438524590162 0.08401639344262293
41 0.3723104508196721 0.6137295081967212 0.17520491803278687 0.12499999999999993
41 0.03746157786885245 0.6670081967213115 0.07031249999999999 0.20286885245901637
42 0.2777920081967213 0.44672131147540983 0.062243852459016404 0.11885245901639344
44 0.8535476434426229 0.7909836065573771 0.04034323770491809 0.12295081967213108
45 0.7849641393442623 0.6260245901639344 0.140625 0.4323770491803278
50 0.6011142418032787 0.6577868852459017 0.29162397540983603 0.4221311475409836
51 0.5025614754098361 0.38934426229508196 0.08529713114754095 0.24180327868852458
4 0.3453830166270784 0.8194774346793349 0.11356888361045123 0.08551068883610441
2 0.17102137767220904 0.7731591448931117 0.13093824228028506 0.14964370546318292
40 0.5097238717339667 0.10926365795724466 0.08150237529691211 0.11876484560570073
