5 0.5507100224494934 0.14051443338394165 0.018548330292105675 0.11168032884597778
0 0.5602318548387096 0.3608870967741935 0.17464717741935482 0.2016129032258064
20 0.5774776483557664 0.17664720847193643 0.01603429734601626 0.06132983766018331
20 0.5942407773993288 0.18355761271533733 0.016520185144380334 0.057874635538482835
13 0.1468623991935484 0.23588709677419356 0.2642389112903226 0.4717741935483871
50 0.619203629032258 0.49294354838709675 0.33795362903225806 0.48588709677419345
22 0.6239452995341379 0.1483540433529317 0.04036450749980297 0.13155839481417234
7 0.6638613125061652 0.16788847167382395 0.034085584110944464 0.04465012187632517
21 0.5145126347568945 0.13081292404437536 0.018836770166574722 0.056609975950340806
21 0.5329009103956935 0.1347995420690473 0.014351824888818783 0.06298856478981586
27 0.9700730846774193 0.570967742512303 0.05985383064516142 0.266935485024606
