55 0.22171118951612903 0.6270161290322581 0.28238407258064513 0.7258064516129032
40 0.9310735887096775 0.2620967741935484 0.06577620967741936 0.16532258064516128
40 0.014175907258064516 0.655443545310728 0.02835181451612903 0.09637097389467293
0 0.745085685483871 0.6512096774193549 0.05670362903225808 0.14516129032258063
0 0.8273059475806451 0.4566532258064517 0.07371471774193537 0.17943548387096775
40 0.7094838167086885 0.5393145161290317 0.024058359223829574 0.07056451612903213
28 0.5063634072580645 0.15725806451612903 0.03288810483870975 0.06451612903225808
21 0.9213544674843622 0.5003879495731804 0.04967086264145536 0.10091857806517915
21 0.9695470306424409 0.5156308598017751 0.03488786780768905 0.06202287610255816
40 0.9473725383917911 0.6086651739556123 0.022470152147324996 0.06938152241981058
13 0.6282762096774193 0.6733870967741936 0.21774193548387089 0.6532258064516128
