10 0.21960616438356165 0.3938356164383562 0.017979452054794506 0.029680365296803686
28 0.8925513698630138 0.06278538812785388 0.10273972602739719 0.12557077625570776
46 0.6299229452054795 0.5730593607305936 0.0500856164383562 0.08675799086757997
34 0.5522260273972602 0.9675799085669322 0.07191780821917818 0.06301369841240316
29 0.3017979452054795 0.5479452054794521 0.020547945205479437 0.027397260273972605
29 0.3961900684931507 0.38242009132420096 0.07577054794520549 0.07077625570776255
52 0.5194777397260275 0.1449771689497717 0.11172945205479458 0.2899543378995434
21 0.23565924657534246 0.16095890410958902 0.037243150684931475 0.12557077625570776
38 0.19263698630136986 0.15753424657534246 0.04366438356164384 0.10045662100456619
1 0.09696061643835616 0.6529680365296804 0.08347602739726029 0.2009132420091324
50 0.2485017123287671 0.4509132420091324 0.2607020547945206 0.7191780821917808
50 0.559931506849315 0.8356164383561644 0.3313356164383563 0.32876712328767127
14 0.300513698630137 0.5662100456621004 0.11044520547945204 0.10045662100456625
13 0.4815924657534246 0.3584474885844749 0.31849315068493156 0.7168949771689498
