19 0.2241010273972603 0.886986301369863 0.11172945205479454 0.134703196347032
1 0.1875 0.49200913242009137 0.08219178082191782 0.18036529680365299
34 0.5971746575342466 0.8242009132420091 0.06421232876712324 0.0867579908675799
5 0.5644263698630136 0.5776255707762558 0.05008561643835613 0.1963470319634704
35 0.3685787671232877 0.29109589041095885 0.030821917808219156 0.06621004566210044
38 0.3698630136986301 0.2888127853881279 0.028253424657534224 0.08447488584474887
38 0.394263698630137 0.3002283105022831 0.05136986301369859 0.07077625570776255
10 0.300513698630137 0.2568493150684932 0.020547945205479402 0.0388127853881279
21 0.32234589041095885 0.03881278538812785 0.030821917808219225 0.0776255707762557
52 0.5804794520547945 0.0684931506849315 0.05907534246575338 0.136986301369863
29 0.4815924657534246 0.273972602739726 0.07191780821917809 0.06849315068493154
29 0.3782106164383562 0.4246575342465754 0.019263698630136973 0.027397260273972605
14 0.37692636986301375 0.4337899543378995 0.09631849315068493 0.09589041095890409
46 0.7069777397260275 0.4954337899543379 0.044948630136986197 0.07762557077625573
32 0.8116438356164385 0.43036529680365293 0.2619863013698631 0.45433789954337894
32 0.6363441780821918 0.5856164383561644 0.15282534246575344 0.3538812785388128
50 0.33261986301369867 0.3618721461187214 0.20547945205479454 0.7146118721461187
13 0.5702054794520549 0.30821917808219174 0.3467465753424658 0.6073059360730594
50 0.6100171232876712 0.773972602739726 0.34160958904109584 0.452054794520548
