5 0.841683566570282 0.394775390625 0.04870281368494034 0.19022423028945923
20 0.9095756411552429 0.521401584148407 0.048071861267089844 0.11964153498411179
21 0.7483007311820984 0.3394135534763336 0.03660240024328232 0.09417817741632462
14 0.678742439516129 0.659274193548387 0.2642389112903225 0.3870967741935484
21 0.7847782258064515 0.35685483870967744 0.027217741935483843 0.09677419354838708
21 0.8981854838709676 0.4213709677419355 0.03402217741935488 0.0887096774193548
21 0.8176663306451613 0.3870967741935483 0.027217741935483986 0.09677419354838712
20 0.8709677419354839 0.5030241935483872 0.03629032258064512 0.12701612903225815
22 0.9723412298387096 0.4870967711171796 0.05531754032258078 0.2685483809440366
21 0.9202998991935484 0.05645161290322581 0.03515625 0.08870967741935484
30 0.4513608870967742 0.2086693548387097 0.09979838709677423 0.4133064516129032
13 0.18088457661290316 0.41955644853653445 0.36176915322580633 0.8221774255075762
