21 0.1329195205479452 0.14497716894977167 0.05265410958904109 0.10273972602739724
35 0.1977739726027397 0.40981735159817345 0.02568493150684933 0.06164383561643838
38 0.19263698630136986 0.4075342465753425 0.035958904109589046 0.07534246575342465
38 0.23565924657534246 0.4155251141552511 0.05008561643835616 0.07305936073059356
10 0.12585616438356165 0.4018264840182648 0.023116438356164382 0.027397260273972605
1 0.02247431506849315 0.6623287636395458 0.0449486301369863 0.1821917877894014
29 0.21767979452054795 0.5559360730593608 0.01669520547945204 0.025114155251141596
29 0.3152825342465754 0.3767123287671233 0.06549657534246574 0.07305936073059356
34 0.4873715753424658 0.904109589041096 0.06806506849315064 0.06392694063926939
46 0.559931506849315 0.5490867579908676 0.0436643835616438 0.09360730593607315
14 0.21960616438356165 0.5639269406392694 0.10273972602739725 0.09132420091324199
52 0.41994863013698636 0.10844748858447488 0.07962328767123289 0.21689497716894976
32 0.6324914383561644 0.4646118721461187 0.1862157534246576 0.4452054794520548
32 0.5002140410958904 0.6484018264840182 0.13998287671232873 0.3515981735159817
50 0.15475171232876714 0.45662100456621 0.2684075342465754 0.7808219178082192
50 0.5104880136986302 0.8264840182648402 0.355736301369863 0.3470319634703196
13 0.4083904109589041 0.36529680365296796 0.3159246575342466 0.7214611872146118
28 0.799443493150685 0.04223744292237442 0.03724315068493155 0.07077625570776255
