0 0.40195560253699797 0.3964059196617336 0.09038054968287526 0.10782241014799154
1 0.06243393234672305 0.4355179704016913 0.06065010570824524 0.06765327695560253
6 0.5981765327695561 0.5454545454545454 0.0451902748414377 0.05073995771670198
7 0.6082848837209304 0.2748414376321353 0.07729915433403818 0.03805496828752638
9 0.5179043340380551 0.7378435517970402 0.15578752642706128 0.5116279069767442
9 0.7188821353065541 0.773784355179704 0.1438953488372091 0.4312896405919662
9 0.3668736786469345 0.6997885835095137 0.1557875264270613 0.5539112050739956
20 0.7034223044397464 0.5 0.01783826638477805 0.07399577167019018
20 0.7236390063424949 0.5084566596194503 0.01783826638477805 0.06553911205073995
20 0.7521802325581396 0.5095137420718817 0.022595137420718885 0.06765327695560253
20 0.15757135306553913 0.40591966173361516 0.024973572938689223 0.09302325581395342
21 0.3306025369978859 0.412262156448203 0.04994714587737839 0.1057082452431289
21 0.38292811839323465 0.42389006342494717 0.035676532769555964 0.0824524312896406
22 0.796181289640592 0.48202959830866804 0.039244186046511656 0.11416490486257935
39 0.08502906976744187 0.4830866807610994 0.06778541226215645 0.023255813953488344
39 0.1266516913319239 0.4577167019027485 0.05113636363636363 0.027484143763213568
38 0.1123810782241015 0.38477801268498935 0.04400105708245244 0.1268498942917548
50 0.6035280126849898 0.7241014799154342 0.5149312896405926 0.4714587737843555
