9 0.5111538767814632 0.3963953573857586 0.15933224558830253 0.5443444213559554
13 0.6482655825916416 0.5288172253354422 0.2985758428116567 0.36945654949969337
13 0.32981450477983887 0.25429366935501035 0.19269322014056395 0.5062490061182505
55 0.06346380799851314 0.1490687027253509 0.12298167974841409 0.2981374054507018
55 0.8823668009117115 0.16768541102401407 0.16167881247692495 0.33537082204802815
5 0.7146949503888621 0.2349664401521504 0.024609710667633213 0.14772260311865748
5 0.6472353905587608 0.043235883839607074 0.014186774384870943 0.08544234187350921
5 0.6608431129279227 0.04812565641670549 0.011291514306326036 0.07978049994213209
5 0.7091939562396261 0.06305233059942697 0.01244961833774397 0.06742739027367292
5 0.7381465570250774 0.05558899350806623 0.01534487841628902 0.08956004509632892
5 0.7691258398655101 0.0965086692848372 0.0431393751703223 0.023162080628360934
21 0.7241045456441335 0.07952314349070586 0.014476300392725534 0.036544616102525025
21 0.6379705583074162 0.23316494499216675 0.014765826400580053 0.043235883839607074
21 0.6538944887394146 0.23136344983218307 0.01824013849483407 0.05404485479950882
20 0.6850185345837745 0.28103324495744597 0.013897248377016638 0.052500716090951444
20 0.7332246148915508 0.28206267076315084 0.013028670353452867 0.04838301286813193
7 0.765651527771256 0.283349453020282 0.029242126793305658 0.03963289351963986
22 0.6838604305523565 0.23959885627782251 0.03648027698966842 0.09831016444482088
