5 0.4495526838966204 0.4801192842942346 0.03354870775347912 0.10536779324055665
5 0.5166500994035786 0.30318091451292245 0.03802186878727632 0.16898608349900598
13 0.2068836978131213 0.5407554671968191 0.21471172962226645 0.9184890656063618
24 0.4374895954603154 0.7777860412211609 0.12189363817097394 0.12326043737574606
27 0.4847788270377734 0.6878727634194831 0.1733349900596422 0.2624254473161034
34 0.6184145129224652 0.7335984095427435 0.040258449304174986 0.06759443339960242
42 0.7240929423459247 0.2077534791252485 0.07045228628230618 0.18886679920477134
4 0.729684393638171 0.46620278330019876 0.07939860834990072 0.09343936381709739
4 0.8001366799204771 0.28330019880715707 0.05926938369781297 0.10536779324055665
4 0.9035785288270378 0.28628230616302186 0.11853876739562623 0.06361829025844934
18 0.4708001988071571 0.34890656063618297 0.04920477137176938 0.07753479125248507
7 0.4680044731610338 0.257455268389662 0.04808648111332005 0.09343936381709743
7 0.5624607256630996 0.3689297007935107 0.07939860834990066 0.045725646123260466
42 0.40593936381709744 0.2485089463220676 0.06486083499005972 0.23856858846918486
43 0.5557902584493042 0.5218687872763419 0.07604373757455264 0.05765407554671974
14 0.6436252262552605 0.8886840671207011 0.1375497017892644 0.11133200795228645
