6 0.6300013065338135 0.887570858001709 0.15887069702148438 0.22067871689796448
6 0.6156685948371887 0.5449251532554626 0.10193545371294022 0.13665279746055603
49 0.42715617715617726 0.7828282828282824 0.2342657342657345 0.4343434343434344
44 0.08857808857808858 0.31598031598031595 0.13519813519813517 0.20098420098420097
44 0.5355477855477855 0.1761201761201761 0.1013986013986014 0.15747215747215745
44 0.6491841491841492 0.07459207459207459 0.10722610722610725 0.1326081326081326
6 0.6748251748251747 0.1616161616161616 0.07459207459207462 0.07044807044807047
43 0.6713286713286714 0.1895881895881896 0.13752913752913748 0.0808080808080808
44 0.29778554778554783 0.0673400673400673 0.14102564102564102 0.1346801346801346
5 0.7505827505827506 0.07562807562807562 0.04428904428904417 0.1471121471121471
