5 0.6303178071975708 0.6242306232452393 0.03338031843304634 0.15012851357460022
9 0.5210497621056084 0.331829738930327 0.16662146151065826 0.41908779740333557
4 0.350520692991488 0.33051452008639265 0.0902964085132093 0.08270178907771579
0 0.5268065268065268 0.3056203056203056 0.1398601398601399 0.2465682465682467
17 0.3793706293706293 0.7687127687127687 0.2156177156177156 0.25278425278425287
50 0.7115384615384615 0.7310282310282307 0.5769230769230769 0.5379435379435372
5 0.6538461538461539 0.10463610463610463 0.04195804195804186 0.18026418026418026
45 0.35780885780885785 0.3014763014763015 0.20512820512820512 0.602952602952603
45 0.19638694638694637 0.2817922817922817 0.1736596736596737 0.4765604765604764
0 0.9452214452214451 0.7150479118862907 0.10955710955710933 0.207614601291359
19 0.04791311182894109 0.359470714746591 0.08079872230287127 0.051508051928205206
19 0.12544723929129234 0.4240371460368765 0.06365959939014103 0.07762481065236564
