9 0.7847306728363037 0.23703816533088684 0.19870547950267792 0.4682561159133911
31 0.39634725054665565 0.4443040835592761 0.02784418342794968 0.03230576603570294
0 0.7757056451612903 0.17237903225806447 0.12928427419354832 0.28024193548387094
9 0.1366557459677419 0.7086693548387097 0.2733114919354838 0.5745967741935484
17 0.5573966733870968 0.875 0.17578125000000008 0.25
50 0.8243447580645156 0.6562499999999997 0.35131048387096747 0.6874999999999996
19 0.34200825951882197 0.22554526128041588 0.0635521417220339 0.047873553086277776
19 0.40735565948159125 0.2332050297742203 0.0642702450183281 0.05936320582698444
19 0.43141211990744593 0.2574609633379346 0.05924352194426881 0.04149041267477415
45 0.5006930443548387 0.1895161290322581 0.12361391129032263 0.36693548387096775
45 0.6498235887096768 0.22782258064516128 0.17691532258064518 0.45564516129032256
