48 0.39261436462402344 0.8705775141716003 0.06744788587093353 0.19340310990810394
6 0.4498712420463562 0.6563746929168701 0.1179676353931427 0.1460961252450943
12 0.7790442109107971 0.6402795910835266 0.05837402492761612 0.12193654477596283
5 0.7265291810035706 0.49292346835136414 0.06525497138500214 0.25503045320510864
21 0.3463326394557953 0.6204333901405334 0.10191516578197479 0.13400709629058838
21 0.8379953379953378 0.5366485366485363 0.0652680652680653 0.15747215747215734
21 0.8787878787878786 0.5729085729085728 0.06526806526806533 0.17197617197617204
12 0.6824009324009325 0.5822325822325822 0.05944055944055947 0.12017612017612024
43 0.6579254079254079 0.7303807303807304 0.19230769230769235 0.1885521885521885
44 0.5932400932400932 0.4278684278684278 0.1631701631701631 0.20512820512820518
44 0.5664335664335666 0.5729085729085727 0.11188811188811196 0.1471121471121472
