12 0.8334061503410339 0.7886415123939514 0.07692718505859375 0.128326416015625
48 0.1712786704301834 0.8144197463989258 0.11079244315624237 0.19862602651119232
6 0.5005428791046143 0.7535825967788696 0.10733210295438766 0.13159213960170746
5 0.7902972102165222 0.6366081833839417 0.0759923905134201 0.24960768222808838
21 0.4132525622844696 0.7080899477005005 0.07446251064538956 0.11189880222082138
21 0.7365967365967365 0.52007252007252 0.03962703962703955 0.12432012432012428
21 0.738927738927739 0.6485366485366485 0.044289044289044316 0.10774410774410789
43 0.6993006993006994 0.8505568505568505 0.1934731934731935 0.20098420098420106
44 0.6468531468531473 0.5635845635845635 0.1585081585081596 0.21134421134421147
44 0.6322843822843823 0.6899766899766899 0.11538461538461534 0.10774410774410782
