5 0.4411655069582505 0.47912524850894633 0.03243041749502986 0.1232604373757455
7 0.5373384691848907 0.32902584493041753 0.09505467196819083 0.1451292246520875
4 0.7212972166998013 0.4671968190854871 0.08051689860834983 0.10735586481113316
4 0.7979000994035785 0.2823061630218688 0.07492544731610337 0.11928429423459243
4 0.8979870775347913 0.2892644135188867 0.10735586481113316 0.07355864811133202
14 0.6379845924453281 0.8578528827037774 0.12636679920477129 0.1133200795228629
24 0.6569955268389662 0.73558648111332 0.06374254473161038 0.07157057654075544
27 0.48645626242544737 0.6968190854870775 0.1722166998011928 0.2763419483101392
13 0.1750124254473161 0.5218687872763419 0.2650347912524851 0.900596421471173
42 0.602758449304175 0.6232604373757455 0.07604373757455264 0.24453280318091458
43 0.5468439363817097 0.5288270377733598 0.06933399602385691 0.05566600397614323
