27 0.48366053677932414 0.6858846918489065 0.17557157057654074 0.2584493041749502
24 0.6597912524850895 0.7306163021868787 0.06709741550695825 0.09343936381709753
14 0.6357480119284294 0.8707753479125249 0.12860337972166996 0.09940357852882699
4 0.7235337972167 0.47216699801192846 0.0626242544731609 0.12127236580516901
4 0.7984592445328031 0.2773359840954274 0.07380715705765396 0.0974155069582505
4 0.8935139165009942 0.29224652087475145 0.10064612326043744 0.08349900596421471
18 0.4708001988071571 0.3588469184890656 0.07604373757455257 0.08548707753479129
7 0.46688618290258455 0.25745526838966204 0.06374254473161031 0.10139165009940357
5 0.4489935387673957 0.4880715705765408 0.032430417495029784 0.14115308151093436
34 0.6083499005964215 0.7345924453280318 0.04249502982107359 0.06560636182902585
13 0.18507703777335982 0.5268389662027833 0.20241053677932405 0.9463220675944334
43 0.5529945328031809 0.5268389662027834 0.08163518886679924 0.04771371769383705
7 0.5518762425447317 0.3429423459244533 0.08610834990059651 0.0815109343936382
