27 0.26169158553546595 0.41794158553546595 0.1650730180806676 0.17107093184979136
4 0.2828146731571628 0.09596662030598052 0.12439151599443679 0.11961057023643949
32 0.7608223226703755 0.0890125173852573 0.23078929068150217 0.1780250347705146
32 0.692759040333797 0.29624478442280944 0.16820236439499303 0.20584144645340746
34 0.7932892906815021 0.4986091794158554 0.03442280945758 0.06258692628650912
24 0.6305632823365785 0.521557719054242 0.10170375521557716 0.0695410292072323
10 0.59692280945758 0.41794158553546595 0.03129346314325453 0.059805285118219725
39 0.6063108484005564 0.46453407510431155 0.06102225312934628 0.03894297635605
0 0.42167941585535473 0.4151599443671766 0.07041029207232263 0.2517385257301808
4 0.3137169680111266 0.6105702364394994 0.11578581363004169 0.08066759388038947
4 0.31528164116828933 0.2760778859527121 0.09544506258692625 0.08484005563282337
21 0.157249652294854 0.10361613351877608 0.0422461752433936 0.12934631432545202
13 0.42872044506258705 0.34840055632823375 0.1846314325452017 0.6940194714881781
50 0.26638560500695413 0.4770514603616134 0.33249304589707934 0.7816411682892906
50 0.7357875521557719 0.6981919332406119 0.3497044506258693 0.6036161335187761
14 0.7764690542420027 0.5924895688456189 0.12282684283727391 0.13908205841446444
