19 0.21703767123287668 0.8835616438356163 0.10787671232876715 0.1324200913242008
5 0.5637842465753424 0.5810502283105023 0.05136986301369859 0.17579908675799097
34 0.6061643835616439 0.8299086757990868 0.05907534246575338 0.08447488584474883
46 0.7063356164383563 0.4931506849315068 0.0436643835616438 0.0867579908675799
52 0.5881849315068494 0.0639269406392694 0.06421232876712324 0.1278538812785388
35 0.36536815068493156 0.27853881278538817 0.037243150684931475 0.0730593607305936
38 0.36857876712328774 0.2751141552511416 0.03339041095890415 0.0844748858447489
38 0.4000428082191781 0.2968036529680365 0.0500856164383562 0.05479452054794521
10 0.3062928082191781 0.2648401826484018 0.021832191780821974 0.03196347031963473
29 0.37885273972602745 0.42123287671232873 0.010273972602739647 0.011415525114155329
29 0.4751712328767123 0.2682648401826484 0.05907534246575338 0.0707762557077626
21 0.32748287671232873 0.04908675799086757 0.04109589041095894 0.08447488584474884
1 0.1875 0.4828767123287671 0.07962328767123289 0.16666666666666657
32 0.6170804794520548 0.5913242009132421 0.13227739726027402 0.34703196347031967
32 0.8045804794520548 0.4257990867579909 0.2427226027397259 0.4589041095890412
14 0.3775684931506849 0.42922374429223736 0.09503424657534247 0.10045662100456618
50 0.3268407534246575 0.3424657534246575 0.21703767123287673 0.6757990867579909
50 0.6080907534246576 0.7853881278538813 0.3274828767123288 0.4292237442922374
13 0.5657106164383562 0.297945205479452 0.3300513698630136 0.58675799086758
