49 0.15732020547945208 0.7636986301369862 0.15282534246575344 0.23515981735159827
13 0.2607020547945206 0.4623287671232877 0.1772260273972603 0.9246575342465754
27 0.5034246575342466 0.7625570776255708 0.15667808219178078 0.3105022831050228
34 0.6029537671232877 0.8835616438356163 0.055222602739726054 0.050228310502283054
35 0.6382705479452055 0.7968036529680366 0.046232876712328876 0.09132420091324206
38 0.6357020547945206 0.7842465753424658 0.030821917808219156 0.12100456621004554
38 0.6812928082191781 0.8299086757990867 0.055222602739725915 0.09817351598173517
21 0.5098458904109591 0.3698630136986301 0.06164383561643838 0.10958904109589042
0 0.8450342465753425 0.9121004566210046 0.146404109589041 0.17579908675799089
29 0.8206335616438356 0.7819634703196346 0.12328767123287662 0.1118721461187215
13 0.8668664383561645 0.613013698630137 0.2542808219178083 0.773972602739726
50 0.5785530821917808 0.660958904109589 0.3711472602739726 0.678082191780822
