9 0.6664012738853501 0.7484076433121021 0.3232484076433126 0.503184713375796
9 0.7460191082802554 0.6602972399150735 0.27229299363057413 0.43312101910827977
9 0.8845541401273885 0.6104033970276008 0.0971337579617834 0.40976645435244163
9 0.27308917197452226 0.6252653927813163 0.18312101910828027 0.43524416135881094
9 0.375796178343949 0.43842887473460723 0.10509554140127392 0.09554140127388529
9 0.48168789808917195 0.4087048832271762 0.08121019108280252 0.07855626326963908
12 0.529307650415552 0.5031649815704939 0.06847133757961785 0.05307855626326962
20 0.5820063694267517 0.4182590233545648 0.08121019108280259 0.06794055201698512
17 0.9482484076433121 0.6496815286624203 0.10031847133757964 0.14012738853503173
13 0.9339171974522295 0.30360934182590205 0.09394904458598757 0.6072186836518041
22 0.39348672838775356 0.44346443144776193 0.08280254777070063 0.18683651804670917
50 0.5414012738853501 0.6963906581740978 0.6082802547770696 0.5350318471337575
