27 0.4764554794520548 0.5171232876712328 0.10273972602739719 0.08904109589041098
34 0.545804794520548 0.5182648401826484 0.017979452054794436 0.041095890410958874
39 0.735873287671233 0.7694063926940641 0.04623287671232873 0.09132420091324192
46 0.926583904109589 0.6027397260273972 0.055222602739726054 0.09132420091324199
32 0.9360017123287672 0.4561643834527769 0.12799657534246564 0.4557077623393437
32 0.8424657534246576 0.7248858447488584 0.13099315068493156 0.39497716894977164
35 0.534888698630137 0.45662100456621 0.03467465753424662 0.050228310502283054
38 0.5361729452054794 0.4497716894977169 0.03210616438356176 0.09589041095890409
38 0.5689212328767124 0.46917808219178087 0.0436643835616438 0.06164383561643838
10 0.4764554794520548 0.4394977168949772 0.020547945205479506 0.04337899543378995
21 0.44178082191780826 0.20662100456621005 0.04623287671232873 0.10730593607305935
29 0.5547945205479452 0.5856164383561644 0.007705479452054789 0.025114155251141596
29 0.6472602739726028 0.4155251141552511 0.06421232876712324 0.06392694063926939
0 0.6575342465753425 0.517123287671233 0.10273972602739732 0.2351598173515982
51 0.4758133561643835 0.1598173515981735 0.047517123287671194 0.24200913242009134
14 0.5547945205479452 0.6015981735159817 0.0873287671232876 0.07534246575342465
1 0.37692636986301375 0.6872146118721462 0.07577054794520549 0.14155251141552505
49 0.04815924657534247 0.625799083274249 0.09631849315068494 0.1684931576524152
52 0.7634845890410961 0.1358447488584475 0.10145547945205478 0.271689497716895
50 0.49571917808219185 0.521689497716895 0.20804794520547942 0.6598173515981736
50 0.805222602739726 0.8561643835616438 0.36215753424657543 0.28767123287671237
13 0.747431506849315 0.3835616438356164 0.3133561643835617 0.7442922374429223
