44 0.6247499999999997 0.7000000000000003 0.1544999999999999 0.168
21 0.04650000000000001 0.368 0.075 0.14933333333333335
21 0.09 0.336 0.072 0.12799999999999997
5 0.1545 0.21466666666666667 0.059999999999999984 0.19466666666666668
21 0.2115 0.288 0.03900000000000002 0.10666666666666667
21 0.2475 0.2906666666666667 0.026999999999999993 0.10133333333333333
21 0.267 0.196 0.038999999999999986 0.09333333333333331
35 0.34125 0.2946666666666667 0.04950000000000003 0.08800000000000001
21 0.153 0.8533333333333333 0.13199999999999998 0.24533333333333332
44 0.507 0.7533333333333334 0.09899999999999999 0.14666666666666672
37 0.738 0.8533333333333336 0.09299999999999993 0.1759999999999996
6 0.17024999999999998 0.35733333333333334 0.0855 0.06933333333333337
6 0.5820000000000001 0.2933333333333333 0.07199999999999995 0.06400000000000002
