1 0.3319777397260274 0.7796803652968037 0.10145547945205478 0.2168949771689499
29 0.5830479452054795 0.5365296803652968 0.028253424657534224 0.027397260273972605
10 0.44242294520547953 0.3904109589041096 0.021832191780821974 0.031963470319634694
35 0.5310359589041096 0.3789954337899543 0.04238013698630141 0.07762557077625566
21 0.421875 0.03881278538812785 0.05008561643835613 0.0684931506849315
52 0.735873287671233 0.06278538812785386 0.1695205479452055 0.12557077625570773
13 0.7910958904109588 0.3904109589041096 0.29794520547945197 0.7808219178082192
4 0.4347174657534246 0.6894977168949772 0.0834760273972602 0.10502283105022833
14 0.5856164383561645 0.5627853881278538 0.13613013698630147 0.12557077625570778
38 0.5303938356164384 0.3687214611872146 0.05650684931506845 0.1255707762557078
38 0.575984589041096 0.3618721461187214 0.05779109589041099 0.11187214611872147
29 0.6838613013698631 0.26712328767123283 0.08861301369863021 0.1141552511415525
