6 0.5094126462936401 0.7177067399024963 0.09842348098754883 0.10583648830652237
21 0.4274389445781708 0.6951070427894592 0.06857109069824219 0.0973619818687439
12 0.8240947755344543 0.7064840793609615 0.04852146016203731 0.11509212851524349
5 0.7667108178138733 0.5843563675880432 0.05397981032729149 0.23568929731845856
10 0.6566025018692017 0.21239058673381805 0.07773113250732422 0.08642814308404922
6 0.034202467650175095 0.9561945199966431 0.06840493530035019 0.08551562577486038
43 0.6963869463869464 0.7749287749287749 0.16200466200466201 0.14089614089614103
44 0.6326080718743109 0.5306250695549778 0.14551582210979958 0.1667619338778971
44 0.6241898011737451 0.6605069603637252 0.10101924840680528 0.0972777947621078
21 0.7168446821783493 0.4984589071207609 0.03202226033441818 0.11712867637008116
21 0.7247336850398773 0.6124717378904803 0.03680719578668757 0.09684382180319559
18 0.026223776223776217 0.9562289562289564 0.052447552447552434 0.051800051800051816
55 0.2395104895104893 0.36487956171794056 0.4790209790209786 0.7247863311095731
