46 0.6029537671232876 0.5468036529680366 0.06549657534246578 0.09817351598173524
41 0.46682363013698636 0.3687214611872146 0.24785958904109584 0.16210045662100456
41 0.7763270547945206 0.228310502283105 0.30436643835616445 0.2648401826484018
41 0.7686215753424658 0.3618721461187215 0.3351883561643836 0.2579908675799087
14 0.4315068493150685 0.7899543378995435 0.2183219178082193 0.4200913242009132
51 0.12264554794520549 0.4200913242009132 0.06292808219178082 0.15525114155251138
51 0.018621575342465755 0.4463470319634703 0.03210616438356165 0.18949771689497724
10 0.062285958904109595 0.2705479452054794 0.03724315068493152 0.07534246575342468
10 0.07962328767123288 0.0365296803652968 0.048801369863013686 0.0639269406392694
30 0.17273116438356162 0.3812785388127854 0.05265410958904109 0.12785388127853878
5 0.4032534246575344 0.2408675799086758 0.05907534246575345 0.21689497716894976
