44 0.565462052822113 0.6199880838394165 0.1786538064479828 0.22124582529067993
26 0.35017042789425884 0.777189067162803 0.1382155418395996 0.1715354025363922
21 0.9104818975453054 0.5502552302258522 0.06827163696289062 0.17342427372932434
21 0.6693797982656039 0.3985699499959434 0.04643726348876953 0.1436592936515808
26 0.34382284382284384 0.8018648018648019 0.06526806526806524 0.11188811188811186
44 0.08566433566433568 0.7811447811447811 0.16899766899766902 0.3522403522403523
21 0.7342657342657343 0.5708365708365708 0.051282051282051384 0.13053613053613064
21 0.6602564102564102 0.5086765086765087 0.04079254079254085 0.10981610981610977
21 0.7057109557109557 0.5242165242165242 0.036130536130536225 0.14918414918414918
5 0.7925407925407925 0.5076405076405075 0.06993006993006994 0.2486402486402487
43 0.7045454545454544 0.7707847707847708 0.18764568764568765 0.21548821548821587
