34 0.570847602739726 0.8162100456621004 0.06035958904109585 0.06164383561643845
25 0.5425941780821918 0.9052511415525114 0.019263698630136973 0.04337899543378995
5 0.5008561643835617 0.5878995433789954 0.03595890410958901 0.18493150684931514
46 0.6318493150684932 0.4497716894977169 0.05393835616438352 0.06849315068493154
35 0.2696917808219178 0.3664383561643835 0.03339041095890412 0.05707762557077622
38 0.2696917808219178 0.3595890410958904 0.03339041095890412 0.08447488584474883
38 0.3062928082191781 0.3744292237442923 0.03467465753424662 0.06849315068493148
10 0.20162671232876714 0.3618721461187215 0.017979452054794506 0.038812785388127866
1 0.10338184931506848 0.6289954337899544 0.08861301369863014 0.16666666666666657
21 0.19071061643835616 0.11415525114155249 0.055222602739726054 0.136986301369863
29 0.38077910958904115 0.3093607305936073 0.06549657534246578 0.07534246575342465
52 0.4636130136986301 0.07534246575342465 0.05907534246575345 0.1506849315068493
14 0.5580051369863014 0.9029680365296804 0.08090753424657528 0.19406392694063926
9 0.28125 0.7100456621004565 0.22602739726027393 0.5342465753424658
50 0.2324486301369863 0.430365296803653 0.2696917808219178 0.7191780821917808
50 0.5991010273972602 0.7899543378995435 0.4071061643835616 0.4200913242009132
32 0.5547945205479453 0.5753424657534246 0.15924657534246578 0.319634703196347
32 0.6979880136986302 0.3755707762557077 0.23758561643835605 0.43607305936073054
13 0.457833904109589 0.3287671232876712 0.1913527397260274 0.6484018264840182
