54 0.5506990551948547 0.7379714250564575 0.3560628592967987 0.43315091729164124
4 0.8553252552216978 0.5012441257049124 0.11102839529792093 0.11759996853384863
17 0.8432400932400932 0.9278684278684275 0.21794871794871795 0.1442631442631438
39 0.14011588005845887 0.5174494284547945 0.06855649165092122 0.05876270712936178
41 0.19061806044054566 0.3837470415203923 0.17999751727562374 0.20965228065819763
19 0.5347875006473471 0.3902432483842546 0.06466409011030101 0.04743428400755633
19 0.5472538500262835 0.4370339506661645 0.06825084376271953 0.04443247418668427
19 0.5977210232311115 0.4848843074825907 0.06408529930771796 0.08430777153370858
45 0.713286713286713 0.3978243978243978 0.17482517482517448 0.5014245014245013
45 0.8729603729603729 0.4788396756780546 0.2540792540792541 0.7629111565879143
