4 0.8624577226606539 0.15533007641237628 0.09244644870349489 0.07415758486784416
7 0.5665163472378805 0.1282725792308656 0.06200676437429543 0.04409369911061004
9 0.8720405862457722 0.49304772641863964 0.2559188275084554 0.5652010522360015
10 0.5219842164599774 0.10923211825128398 0.027057497181510612 0.06614054866591507
14 0.6978579481397971 0.22948766128022047 0.1713641488162346 0.07816610296880874
14 0.8404735062006765 0.240511086057873 0.120631341600902 0.08417888012025554
17 0.5879368658399098 0.743580107728924 0.2018038331454342 0.2886133032694477
24 0.7096956031567081 0.16635350119002879 0.09357384441939118 0.04810221721157457
27 0.701240135287486 0.13228109733183013 0.09921082299887246 0.048102217211574594
28 0.6527621195039458 0.06714267819115621 0.0473506200676438 0.13428535638231243
34 0.8049605411499436 0.17737692596768134 0.018038331454340407 0.026055367656269545
36 0.447576099210823 0.3487410747839158 0.11048478015783544 0.06413628961543275
41 0.12288613303269448 0.3667794062382563 0.24577226606538896 0.20443442314919205
41 0.46674182638105977 0.2836026556432419 0.2570462232243518 0.058123512463985956
50 0.7683201803833145 0.3056495051985469 0.29875986471251414 0.4710008768633345
54 0.636978579481398 0.8257547287986973 0.14881623449830897 0.23249404985594396
