54 0.6615008156606851 0.7569331158238163 0.38009787928221944 0.4350190320826535
9 0.8743882544861336 0.4935435934172214 0.2512234910277322 0.5462679009906877
41 0.12479608482871121 0.334964654703643 0.2430668841761826 0.2523110386079388
41 0.4037520391517128 0.24506072140656152 0.09951060358890705 0.08410367953597966
41 0.524469820554649 0.2552111654884902 0.1778140293637847 0.110204821460939
42 0.4681892332789559 0.07395323545405111 0.04893964110929851 0.12470545586369403
10 0.523654159869494 0.10585463114011237 0.035889070146819003 0.0725031720137756
7 0.564437194127243 0.12615551930396957 0.05872756933115831 0.05510241073046947
27 0.7030995106035889 0.13920609026644917 0.10440456769983683 0.04640203008881638
24 0.707177814029364 0.16820735907195938 0.1060358890701468 0.029001268805510242
34 0.804241435562806 0.17400761283306146 0.04893964110929844 0.03480152256661235
4 0.863784665579119 0.15660685154975532 0.0897226753670472 0.08120355265542868
36 0.4502446982055466 0.34511509878557184 0.11745513866231655 0.07540329889432666
