0 0.3894688160676533 0.40909090909090906 0.08443446088794929 0.10359408033826639
1 0.052920190274841454 0.43868921775898523 0.06540697674418607 0.06131078224101472
7 0.5999603594080338 0.28964059196617337 0.07967758985200846 0.05073995771670194
9 0.6992600422832983 0.7864693446088792 0.14984143763213545 0.4143763213530655
9 0.5066067653276956 0.7463002114164905 0.15221987315010574 0.507399577167019
9 0.3531976744186047 0.7093023255813954 0.15221987315010568 0.5687103594080338
20 0.6213662790697675 0.5338266384778012 0.024973572938689303 0.0866807610993657
20 0.6927193446088796 0.5126849894291755 0.02021670190274847 0.0697674418604651
20 0.7117468287526428 0.5253699788583509 0.015459830866807635 0.07399577167019039
20 0.7379096194503171 0.5274841437632136 0.027352008456659718 0.06976744186046517
21 0.3198995771670191 0.4154334038054968 0.049947145877378495 0.09936575052854124
21 0.37163054968287523 0.4344608879492601 0.03686575052854117 0.0866807610993658
22 0.7825052854122623 0.5042283298097252 0.040433403805496794 0.1120507399577167
39 0.06778541226215645 0.48625792811839325 0.07373150105708245 0.016913319238900614
39 0.11535412262156448 0.4587737843551797 0.049947145877378446 0.02959830866807607
50 0.5749867864693446 0.7526427061310783 0.47449788583509517 0.4820295983086681
