1 0.04875 0.43599999999999994 0.061500000000000006 0.06666666666666664
9 0.50775 0.7440000000000001 0.15450000000000003 0.512
9 0.35475000000000007 0.7026666666666668 0.15750000000000008 0.552
9 0.6945000000000003 0.7906666666666666 0.15900000000000047 0.41333333333333316
20 0.6230672426746807 0.5340596043075382 0.016904583020285385 0.08615076383671422
20 0.6906855747558228 0.5160280490859004 0.021412471825694866 0.07412972702228898
20 0.7104075882794892 0.5240420736288506 0.018031555221637918 0.0661157024793389
20 0.7385818933132984 0.5280490859003256 0.024793388429751956 0.07412972702228898
22 0.7814068369646883 0.5010017530678688 0.03831705484598046 0.13223140495867766
38 0.10124999999999997 0.38800000000000007 0.03749999999999998 0.0826666666666664
39 0.06778541226215645 0.4841437632135306 0.06897463002114165 0.021141649048625838
7 0.5963927061310783 0.28646934460887946 0.08205602536997894 0.057082452431289676
21 0.3228726215644821 0.4196617336152221 0.046379492600422845 0.09936575052854116
21 0.3698467230443975 0.4334038054968288 0.040433403805496794 0.0845665961945032
0 0.39006342494714585 0.4038054968287526 0.08800211416490492 0.10570824524312897
39 0.11535412262156448 0.45665961945031713 0.04519027484143763 0.02536997885835092
