9 0.49155482256596966 0.7597870358334409 0.27229299363057413 0.4331210191082797
8 0.7047072013518784 0.6843829888643356 0.0971337579617834 0.40976645435244163
9 0.16594631483166514 0.6303674335976429 0.18312101910828027 0.43524416135881094
9 0.2763063824255817 0.4460819359590971 0.10509554140127392 0.09554140127388529
9 0.3841113674769271 0.4087048832271762 0.08121019108280252 0.07855626326963908
12 0.38581275245636815 0.5235731448358 0.06847133757961785 0.05307855626326962
20 0.4825165735083843 0.4335651458035443 0.08121019108280259 0.06794055201698512
17 0.8391922851943326 0.6292733653971142 0.10031847133757964 0.14012738853503173
13 0.7999886260236581 0.3087113826422286 0.09394904458598757 0.6072186836518041
22 0.35148024177823955 0.43606742059881276 0.08280254777070052 0.18683651804670917
50 0.4323451514363705 0.7065947398067509 0.6082802547770696 0.5350318471337575
8 0.9792729591836735 0.5293367346938775 0.04145408163265302 0.14540816326530617
30 0.9620535714285714 0.18494897959183676 0.07589285714285708 0.09438775510204085
43 0.28411989795918374 0.5204081632653063 0.10522959183673479 0.061224489795918234
26 0.22098214285714285 0.5153061224489796 0.05548469387755119 0.07142857142857154
6 0.31855867346938777 0.5293367346938775 0.0669642857142857 0.06377551020408162
48 0.35491071428571447 0.5676020408163265 0.08992346938775504 0.04336734693877556
