32 0.7600399860917942 0.5479833101529903 0.19167246175243405 0.21696801112656466
32 0.8238004172461753 0.26425591098748263 0.23313630041724623 0.325452016689847
4 0.3356223922114047 0.3734353268428373 0.12830319888734354 0.1321279554937413
0 0.48270166898470096 0.691933240611961 0.07510431154381088 0.2656467315716274
10 0.25152121001390826 0.7454798331015299 0.04615785813630044 0.07510431154381081
4 0.35948365785813635 0.5493741307371348 0.09153337969401949 0.0890125173852573
4 0.3661335187760779 0.8887343532684284 0.11735048678720446 0.10013908205841432
24 0.7087969401947148 0.7858136300417246 0.11891515994436716 0.07232267037552162
39 0.6790681502086231 0.7280945757997219 0.05632823365785811 0.04033379694019473
34 0.8816933240611963 0.7593880389429764 0.046940194714881756 0.06675938803894298
14 0.8758257997218359 0.8720445062586926 0.14316759388038947 0.15577190542420027
27 0.3332753824756607 0.741307371349096 0.12986787204450628 0.10570236439499298
21 0.2135778859527121 0.4012517385257302 0.042246175243393615 0.0876216968011127
50 0.3180198191933241 0.6738525730180807 0.31371696801112653 0.6216968011126565
50 0.8054155076495132 0.8164116828929068 0.3731745479833101 0.36717663421418634
13 0.4803546592489569 0.5166898470097359 0.20653685674547972 0.9193324061196106
