34 0.7782534246575342 0.687214611872146 0.06421232876712338 0.04109589041095901
27 0.7493578767123289 0.5536529680365297 0.21446917808219182 0.25342465753424664
5 0.036601027397260275 0.6518264840182648 0.0372431506849315 0.15296803652968038
39 0.08219178082191782 0.9063926940639269 0.15667808219178084 0.07762557077625573
50 0.8097174657534246 0.4954337899543379 0.317208904109589 0.9908675799086758
14 0.2754708904109589 0.9486301369863014 0.1913527397260274 0.10273972602739719
41 0.1091609589041096 0.704337899543379 0.2106164383561644 0.13013698630137
41 0.3461044520547945 0.5525114155251142 0.2221746575342466 0.10958904109589049
41 0.3461044520547945 0.6278538812785388 0.2324486301369863 0.1141552511415525
55 0.3602311643835616 0.2899543378995434 0.2324486301369863 0.547945205479452
