16 0.251070205479452 0.3047945205479452 0.13741438356164384 0.29452054794520544
49 0.2741866438356165 0.45433789954337894 0.10916095890410961 0.1506849315068493
1 0.545804794520548 0.6038812785388129 0.0667808219178083 0.1712328767123288
2 0.18814212328767127 0.5365296803652968 0.10916095890410961 0.15981735159817353
41 0.061001712328767124 0.664611868662377 0.12200342465753425 0.4525114085576306
35 0.7198202054794521 0.44406392694063923 0.026969178082191833 0.07077625570776248
38 0.7211044520547945 0.4394977168949772 0.03724315068493155 0.09360730593607315
38 0.7532106164383562 0.45890410958904115 0.052654109589041126 0.05022831050228312
10 0.6626712328767124 0.41666666666666674 0.015410958904109578 0.0342465753424657
5 0.6190068493150686 0.410958904109589 0.05393835616438352 0.19634703196347028
29 0.7178938356164383 0.5753424657534246 0.010273972602739576 0.01826484018264843
14 0.7191780821917808 0.5844748858447488 0.11044520547945211 0.13698630136986303
29 0.8469606164383563 0.4349315068493151 0.06549657534246578 0.0844748858447489
21 0.6870719178082192 0.18607305936073057 0.041095890410958874 0.12100456621004567
32 0.9533390410958904 0.79337899543379 0.09332191780821901 0.41324200913242004
50 0.6851455479452052 0.48744292237442904 0.2684075342465756 0.828767123287671
13 0.8679366438356163 0.4100456586167148 0.2641267123287668 0.8109588971421055
