8 0.7563424947145879 0.6775898520084567 0.11416490486257928 0.226215644820296
8 0.7551532769556027 0.5021141649048626 0.11892177589852011 0.11627906976744186
6 0.5363372093023256 0.11416490486257928 0.07373150105708248 0.07610993657505286
11 0.2194106765327696 0.16173361522198731 0.17243657505285415 0.17124735729386892
35 0.4673625792811836 0.7293868921775902 0.1403276955602537 0.10993657505285444
35 0.06778541226215645 0.3308668076109937 0.06421775898520085 0.1120507399577167
37 0.666556553911205 0.06025369978858351 0.16292283298097254 0.09090909090909091
37 0.5440671247357294 0.6966173361522199 0.10108350951374198 0.13742071881606768
43 0.36330602536997886 0.2251585623678647 0.0749207188160677 0.04439746300211418
18 0.46736257928118397 0.19873150105708248 0.01902748414376319 0.03382663847780126
18 0.3650898520084567 0.22938689217758987 0.023784355179704023 0.027484143763213568
44 0.3258456659619451 0.7103594080338266 0.10940803382663848 0.14376321353065535
44 0.4299022198731501 0.6131078224101479 0.153409090909091 0.1479915433403805
44 0.8705073995771672 0.5412262156448203 0.10465116279069775 0.18181818181818188
48 0.5410940803382664 0.10887949260042282 0.009513742071881595 0.11627906976744186
