6 0.45600000000000007 0.21733333333333335 0.09300000000000004 0.08799999999999994
6 0.11775000000000002 0.3053333333333333 0.11250000000000002 0.08800000000000001
6 0.5947500000000001 0.25733333333333336 0.08550000000000005 0.07733333333333331
5 0.10575000000000001 0.13733333333333334 0.06449999999999999 0.23200000000000004
21 0.23475000000000001 0.128 0.0525 0.11199999999999999
21 0.1725 0.22666666666666666 0.04800000000000001 0.12266666666666666
21 0.0315 0.2826666666666667 0.063 0.14933333333333335
35 0.31425 0.24400000000000005 0.043499999999999914 0.09866666666666665
44 0.62475 0.7013333333333333 0.16950000000000004 0.19733333333333333
37 0.7507500000000004 0.8759999999999993 0.10950000000000011 0.21066666666666634
44 0.5017499999999999 0.7559999999999999 0.10050000000000005 0.17866666666666675
21 0.10350000000000001 0.8439999999999993 0.15300000000000008 0.29599999999999904
