16 0.1502568493150685 0.25 0.1695205479452055 0.2899543378995434
49 0.1875 0.39840182648401823 0.12585616438356162 0.12557077625570778
1 0.4822345890410959 0.4680365296803653 0.06806506849315064 0.15068493150684936
2 0.10466609589041098 0.5057077625570777 0.10402397260273975 0.14840182648401828
31 0.2684075342465754 0.6164383561643836 0.05650684931506848 0.07305936073059356
5 0.5425941780821918 0.2545662100456621 0.03467465753424662 0.17579908675799089
35 0.6459760273972605 0.2614155251141553 0.030821917808219225 0.057077625570776294
38 0.6446917808219177 0.25342465753424653 0.038527397260273946 0.09132420091324203
38 0.6832191780821918 0.2694063926940639 0.048801369863013665 0.0730593607305936
10 0.5869006849315069 0.2454337899543379 0.012842465753424577 0.02511415525114156
21 0.592679794520548 0.02511415525114155 0.047517123287671194 0.0502283105022831
29 0.7705479452054794 0.21347031963470317 0.07448630136986295 0.07077625570776255
29 0.6568921232876712 0.39497716894977164 0.021832191780821974 0.031963470319634694
14 0.6543236301369864 0.40867579908675794 0.10145547945205485 0.1141552511415525
32 0.9212328767123288 0.5504566175208244 0.1575342465753424 0.42968035832932006
50 0.6029537671232876 0.3287671232876712 0.23758561643835618 0.6484018264840182
50 0.8480308219178082 0.767123287671233 0.3039383561643835 0.4657534246575342
13 0.8386130136986302 0.2910958904109589 0.3133561643835617 0.5730593607305936
