16 0.7416523972602741 0.4452054794520548 0.11429794520547944 0.269406392694064
5 0.8334760273972602 0.7545662100456622 0.08732876712328774 0.44977168949771695
39 0.7634845890410961 0.8470319634703196 0.08604452054794522 0.0867579908675799
50 0.8428938356164383 0.5011415525114156 0.31421232876712324 0.9977168949771689
14 0.3570205479452055 0.699771689497717 0.22859589041095896 0.184931506849315
30 0.016695205479452056 0.5515981700322399 0.03339041095890411 0.09863013001881782
41 0.4559075342465754 0.2557077625570776 0.2054794520547945 0.11872146118721463
41 0.4713184931506849 0.3424657534246575 0.2157534246575343 0.09589041095890409
41 0.2716181506849315 0.41095890410958913 0.18878424657534243 0.1735159817351595
2 0.6491866438356165 0.3835616438356165 0.08347602739726029 0.08219178082191782
