1 0.28253424657534226 0.8972602739726032 0.10273972602739721 0.2054794520547936
4 0.4263698630136987 0.6073059360730594 0.10530821917808218 0.10958904109589035
21 0.3724315068493151 0.12328767123287669 0.06421232876712324 0.14611872146118718
14 0.5393835616438356 0.6769406392694064 0.13613013698630133 0.13926940639269397
38 0.5329623287671234 0.4771689497716895 0.056506849315068594 0.0867579908675799
38 0.4815924657534246 0.4771689497716895 0.05393835616438352 0.10045662100456618
35 0.48368221609791673 0.47891167490745984 0.04179500688984355 0.08781173164734803
10 0.7326626712328762 0.4691780821917796 0.2761130136986308 0.9155251141552485
10 0.4006849315068493 0.5079908675799086 0.025684931506849366 0.04337899543378988
29 0.5413099315068493 0.6484018264840182 0.019263698630136973 0.027397260273972535
50 0.4514126712328769 0.5410958904109588 0.3531678082191783 0.9178082191780821
52 0.6845034246575351 0.12214611872146086 0.1618150684931515 0.24429223744292172
29 0.6318493150684931 0.3744292237442922 0.08476027397260275 0.10045662100456625
