10 0.3974743150684931 0.1906392694063927 0.14255136986301373 0.21689497716894976
10 0.375 0.8641552511415526 0.01284246575342472 0.020547945205479295
34 0.37692636986301364 0.9315068493150684 0.03467465753424655 0.04566210045662103
28 0.2761130136986301 0.1495433789954338 0.05393835616438352 0.09817351598173517
13 0.0898972602739726 0.11529680365296803 0.1797945205479452 0.23059360730593606
29 0.5406678082191781 0.8059360730593608 0.056506849315068594 0.0684931506849314
16 0.485445205479452 0.09817351598173514 0.6626712328767123 0.19634703196347028
21 0.3788527397260274 0.6358447488584476 0.030821917808219156 0.0981735159817351
35 0.4360017123287671 0.8618721461187215 0.03210616438356169 0.06164383561643845
38 0.46682363013698636 0.8630136986301369 0.03981164383561648 0.07762557077625573
38 0.43343321917808225 0.8595890410958904 0.037243150684931475 0.10273972602739719
46 0.8251284246575343 0.9383561643835617 0.04751712328767127 0.08219178082191775
32 0.8936215753424658 0.7922374429223744 0.21275684931506844 0.40639269406392686
52 0.5849743150684933 0.5308219178082192 0.09888698630136993 0.3904109589041096
13 0.6132277397260274 0.66324200913242 0.1733732876712328 0.6735159817351598
50 0.4180222602739726 0.7968036529680365 0.2119006849315068 0.406392694063927
