9 0.624111533164978 0.5854253172874451 0.16934680938720703 0.48066338896751404
5 0.737365680381187 0.388740420341491 0.027368201673965687 0.13395439088344546
50 0.38501764112903225 0.6945564516129032 0.31640625 0.4092741935483871
55 0.08335433467741934 0.23991935483870971 0.1667086693548387 0.46774193548387105
55 0.9106602822580646 0.24495967741935484 0.17237903225806447 0.4899193548387097
13 0.3549647177419355 0.2479838709677419 0.17691532258064518 0.4959677419354838
0 0.45833437833423984 0.15703739508179207 0.03333340933339933 0.11654347559529224
5 0.6707751167971355 0.19854391946307814 0.012960505853839663 0.09020266958322566
5 0.6819432122669334 0.20516205011184738 0.012133239522743509 0.07500548068605173
5 0.7318549475764019 0.22084947090893015 0.012133239522743651 0.061278987488604386
5 0.7579138370059308 0.2149666881100241 0.012960505853839805 0.08481011868422847
5 0.7893499575875851 0.2539401241527765 0.041639071998506694 0.02549205879525946
21 0.744539697986543 0.2358015438561496 0.012684750410140992 0.036277160593253796
20 0.7550184048470945 0.4326296516695467 0.01158172863534631 0.049513421890792345
20 0.7084157348620104 0.42895291242023054 0.012684750410141134 0.04902318999088351
21 0.6616751871550777 0.3787041426795749 0.014063527628634631 0.032845537293891953
21 0.6753250816181642 0.37772367887975733 0.012684750410141134 0.034806464893527324
21 0.6819432122669334 0.38654785307811634 0.013787772184936103 0.03480646489352729
7 0.7891006917172595 0.43480995724484844 0.02782612155714432 0.04010972476705483
