9 0.38382184505462646 0.533774733543396 0.14443442225456238 0.5542131066322327
9 0.6032652258872986 0.33020004630088806 0.18153667449951172 0.631977379322052
17 0.20413306451612903 0.7157258064516128 0.1995967741935484 0.14516129032258063
2 0.805758568548387 0.48991935483870974 0.19392641129032245 0.22580645161290328
50 0.885710685483871 0.690524193548387 0.22227822580645168 0.6028225806451613
5 0.40146169354838707 0.11693548387096774 0.03175403225806448 0.12903225806451613
45 0.1604712701612902 0.34475806451612867 0.212071572580645 0.5645161290322575
4 0.16888539475585573 0.40227562778651765 0.06860969161956629 0.0516038706198448
55 0.7720049739353876 0.15808889659457848 0.20277166593460663 0.3161777931891569
45 0.04757770932543842 0.4392253261917585 0.09515541865087684 0.486954085083033
