9 0.6034200191497803 0.2696361243724823 0.16789346933364868 0.3364120423793793
17 0.42599067599067586 0.6661486661486662 0.17599067599067586 0.22999222999222999
31 0.6398601398601399 0.6164206164206164 0.12587412587412594 0.1056721056721058
50 0.7371794871794869 0.709272209272209 0.5256410256410249 0.5814555814555811
0 0.6083916083916084 0.27246827246827243 0.13286713286713286 0.22584822584822584
5 0.7354312354312356 0.09324009324009325 0.046620046620046623 0.18233618233618235
45 0.32925407925407923 0.22792022792022792 0.1317016317016317 0.41025641025641024
4 0.4493006993006992 0.28490028490028485 0.06876456876456892 0.06837606837606836
45 0.4720279720279721 0.264180264180264 0.1748251748251754 0.528360528360528
19 0.20535521673593857 0.274390576023501 0.06326359824084715 0.0407806061603425
19 0.2637895326683241 0.3379224677259293 0.049258679546308456 0.06997093478037715
19 0.22334429333495806 0.3104492172600143 0.06978312935727032 0.0485074578538811
