5 0.8300355672836304 0.11260922998189926 0.025658417493104935 0.10639902949333191
50 0.6691028225806451 0.42439516129032256 0.31300403225806456 0.4657258064516128
17 0.1542338709677419 0.8044354838709676 0.22001008064516128 0.2258064516129032
13 0.4683719758064515 0.18649193548387097 0.17237903225806456 0.36895161290322576
55 0.15593497983870966 0.10383064516129031 0.2665070564516129 0.20766129032258063
20 0.8545255220730226 0.14886657396208505 0.01614215862239476 0.06576434994308976
20 0.8704995332097678 0.15604086668314943 0.017151043536294423 0.06456863448957907
21 0.798364261865941 0.10342938672867756 0.016142158622394903 0.05022004904745038
21 0.8171967802587349 0.10881010626947582 0.014796978737195019 0.05859005722202544
7 0.9411483800225193 0.15394836463950562 0.03228431724478966 0.05201362222771646
22 0.9068193901101558 0.13571370397346713 0.04270946135508609 0.1434858544212868
