1 0.09310787671232877 0.6484018264840182 0.09118150684931507 0.15068493150684945
38 0.3062928082191781 0.44178082191780826 0.06035958904109588 0.08447488584474883
21 0.234375 0.1552511415525114 0.03981164383561641 0.11872146118721462
28 0.8983304794520548 0.0684931506849315 0.09375 0.1324200913242009
29 0.3062928082191781 0.5513698630136986 0.024400684931506832 0.029680365296803613
29 0.3981164383561644 0.3961187214611872 0.056506849315068525 0.07990867579908681
52 0.5124143835616438 0.136986301369863 0.09246575342465753 0.2648401826484018
34 0.5528681506849316 0.9668949771689498 0.07063356164383564 0.06621004566210047
46 0.6324914383561644 0.5696347031963471 0.047517123287671194 0.08904109589041098
32 0.7159674657534246 0.5091324200913242 0.1964897260273974 0.45205479452054786
32 0.5669948630136987 0.6746575342465754 0.12714041095890416 0.35844748858447495
10 0.2221746575342466 0.39954337899543374 0.017979452054794506 0.027397260273972605
14 0.3037243150684932 0.5684931506849316 0.09631849315068493 0.08675799086757983
50 0.24978595890410957 0.45433789954337894 0.22731164383561642 0.7168949771689498
50 0.545804794520548 0.8310502283105023 0.3287671232876711 0.33789954337899547
13 0.48480308219178087 0.363013698630137 0.31464041095890416 0.726027397260274
