32 0.5002140410958904 0.24200913242009134 0.1990582191780822 0.33789954337899547
46 0.46232876712328774 0.4041095890410959 0.056506849315068525 0.05479452054794521
34 0.47517123287671237 0.764840182648402 0.08219178082191782 0.06849315068493154
32 0.4173801369863014 0.5525114155251142 0.1797945205479452 0.27853881278538806
25 0.4636130136986301 0.8949771689497718 0.025684931506849296 0.06392694063926939
29 0.1361301369863014 0.66324200913242 0.025684931506849314 0.020547945205479437
29 0.18557363013698627 0.4098173515981736 0.08861301369863014 0.08904109589041098
35 0.08090753424657535 0.5536529680365296 0.051369863013698634 0.06164383561643824
38 0.07255993150684932 0.54337899543379 0.05522260273972604 0.09132420091324206
38 0.1168664383561644 0.5136986301369864 0.04109589041095891 0.08219178082191782
52 0.22345890410958907 0.0993150684931507 0.08989726027397264 0.18949771689497716
50 0.13869863013698633 0.5732876677491349 0.27739726027397266 0.7803653037711364
50 0.5027825342465754 0.7990867579908675 0.4199486301369864 0.4018264840182648
14 0.14319349315068494 0.6678082191780823 0.12457191780821919 0.1712328767123288
14 0.47902397260273977 0.8995433789954339 0.13869863013698633 0.16438356164383564
13 0.2568493150684931 0.3881278538812785 0.3827054794520548 0.7579908675799086
43 0.9026113013698631 0.38835616089981984 0.19477739726027393 0.333789947370416
