4 0.7622440457344055 0.6235566139221191 0.17067661881446838 0.1840706765651703
17 0.19172494172494162 0.7687127687127686 0.21095571095571095 0.22377622377622355
0 0.6637529137529137 0.2693602693602693 0.13170163170163138 0.2859362859362859
5 0.8030303030303031 0.0890960890960891 0.03496503496503479 0.1781921781921782
50 0.7727272727272723 0.7144522144522136 0.4545454545454539 0.5710955710955706
45 0.38111888111888115 0.2621082621082621 0.13053613053613053 0.4164724164724165
45 0.5221445221445221 0.2817922817922818 0.1934731934731935 0.5635845635845635
4 0.5064102564102564 0.30562030562030557 0.0780885780885781 0.06837606837606827
19 0.2565063265305392 0.3237780561881706 0.062780670010001 0.04129572960657839
19 0.31724662476521515 0.3879538521983939 0.05367747285855082 0.060269443209600905
19 0.26945243594483237 0.3574395498989497 0.05746845947069292 0.0523708837006497
