9 0.522492817926518 0.2905453057663949 0.16276875138282776 0.4161847233772278
0 0.5244755244755244 0.26314426314426315 0.1328671328671328 0.261072261072261
17 0.39452214452214485 0.6941206941206944 0.19230769230769226 0.23206423206423227
4 0.3479020979020978 0.3014763014763015 0.08741258741258742 0.09324009324009319
50 0.7138694638694634 0.7040922040922034 0.5722610722610715 0.5918155918155915
5 0.6503496503496504 0.06941206941206941 0.037296037296037386 0.13882413882413883
45 0.1893939393939393 0.24346024346024359 0.17832167832167825 0.48277648277648305
45 0.35081585081585104 0.29008029008029007 0.20046620046620112 0.5677285677285677
19 0.04354245342225184 0.32720189071035627 0.07878974086255125 0.04296988080684511
19 0.12562817946032812 0.3955630647212462 0.06968654371110111 0.06584994721048992
19 0.06551568792575217 0.37045079671724573 0.08192877436305128 0.0513406368081786
0 0.9335664335664328 0.6559958528342317 0.13286713286713323 0.1931105867873444
