48 0.5832131505012512 0.882767379283905 0.07743504643440247 0.19271036982536316
5 0.8060964345932007 0.6132092475891113 0.07885398715734482 0.2589596211910248
21 0.4157727062702179 0.6866835951805115 0.07608900219202042 0.11578725278377533
6 0.5061337351799011 0.7330464720726013 0.11201877892017365 0.1358727365732193
12 0.8650457231036991 0.7716459035873404 0.06834980951391972 0.13163401186466203
43 0.712121212121212 0.8422688422688419 0.1958041958041958 0.22170422170422144
44 0.6590909090909091 0.5356125356125355 0.16433566433566424 0.19684019684019696
44 0.6398601398601396 0.6765086765086769 0.11655011655011642 0.12224812224812176
21 0.7558275058275058 0.48899248899248904 0.043123543123543155 0.1326081326081326
21 0.7511655011655012 0.6236726236726237 0.038461538461538394 0.11188811188811186
