52 0.496361301369863 0.21575342465753422 0.06806506849315071 0.29452054794520544
29 0.402611301369863 0.5605022831050228 0.06806506849315071 0.0662100456621004
21 0.22153253424657535 0.39840182648401823 0.047517123287671235 0.0981735159817351
5 0.20676369863013697 0.6552511415525114 0.05136986301369863 0.17808219178082205
29 0.3229880136986301 0.7522831050228311 0.014126712328767149 0.015981735159817278
1 0.12007705479452056 0.91324200913242 0.09118150684931507 0.16894977168949765
35 0.2902397260273973 0.6198630136986302 0.03595890410958901 0.0662100456621004
38 0.2953767123287671 0.6164383561643835 0.03339041095890412 0.08219178082191775
38 0.3313356164383562 0.6198630136986302 0.048801369863013734 0.07077625570776264
46 0.65625 0.6712328767123288 0.05136986301369852 0.08675799086758004
14 0.32234589041095885 0.7751141552511416 0.10530821917808218 0.07990867579908681
32 0.7095462328767124 0.565068493150685 0.2401541095890412 0.41780821917808225
32 0.5849743150684932 0.795662100456621 0.14511986301369872 0.35844748858447484
50 0.25042808219178087 0.6769406392694063 0.26712328767123283 0.6415525114155252
50 0.7024828767123288 0.9155251141552512 0.5470890410958904 0.1689497716894978
13 0.4828767123287668 0.4881278537724109 0.21832191780821858 0.868493150902664
28 0.863013698630137 0.07420091324200913 0.06678082191780817 0.09817351598173517
