24 0.43565106176792356 0.7714194769535715 0.13307654075546688 0.10998190119357525
13 0.16830268389662031 0.4960238568588469 0.25161530815109345 0.9642147117296223
34 0.623446819085487 0.7445328031809146 0.05703280318091451 0.07355864811133202
18 0.4680044731610339 0.3658051689860835 0.052559642147117315 0.09542743538767397
7 0.47191848906560635 0.2664015904572565 0.04249502982107352 0.09542743538767397
42 0.3992296222664016 0.25844930417495027 0.06933399602385691 0.24254473161033796
7 0.5546719681908548 0.3389662027833002 0.1051192842942347 0.07753479125248507
4 0.7252112326043738 0.4701789264413519 0.07492544731610337 0.1292246520874751
4 0.7973409542743539 0.2803180914512922 0.07604373757455249 0.11530815109343934
4 0.8985462226640161 0.2912524850894632 0.09952783300198789 0.07355864811133202
14 0.6396620278330021 0.8568588469184891 0.1185387673956263 0.10735586481113316
27 0.4747142147117298 0.6908548707753479 0.15991550695825024 0.2683896620278327
51 0.5865432405566601 0.6451292246520874 0.05032306163021864 0.2524850894632207
43 0.5440482107355865 0.5258449304174951 0.09505467196819083 0.08548707753479129
5 0.4473161033797217 0.47514910536779326 0.03578528827037772 0.14314115308151096
