5 0.7656344175338745 0.08928599953651428 0.02472381666302681 0.12473054230213165
50 0.7269405241935482 0.44657258064516125 0.39919354838709675 0.5060483870967742
13 0.3016633064516129 0.26713709677419356 0.24269153225806447 0.5342741935483871
30 0.4950226814516128 0.10080645161290323 0.06237399193548377 0.17338709677419356
20 0.7886841271454734 0.13305037104283393 0.018033935834118893 0.07373875985506456
20 0.8136310717160048 0.13999677595671683 0.01863506702858956 0.07694479289224128
22 0.8518029025648901 0.10099004067106673 0.04448370839082713 0.14640884203107027
7 0.8878707742331283 0.11915756121506814 0.04328144600188565 0.04381578484141519
21 0.7007296902698866 0.0912945498383636 0.0196147631888077 0.057589473066128515
21 0.7259911277100176 0.09023786225916858 0.02080353671540209 0.06498628612049366
21 0.7479834379520139 0.09578547204994242 0.01842598966221317 0.060231192014116065
