1 0.10530821917808218 0.6381278538812787 0.0821917808219178 0.15296803652968044
5 0.5014982876712328 0.5844748858447488 0.03981164383561648 0.19634703196347025
46 0.6337756849315069 0.4463470319634703 0.044948630136986266 0.07990867579908681
35 0.2703339041095891 0.3664383561643835 0.03210616438356169 0.06164383561643838
38 0.2664811643835616 0.3584474885844749 0.03724315068493152 0.07305936073059356
38 0.3056506849315069 0.36757990867579904 0.04366438356164384 0.050228310502283054
10 0.20034246575342465 0.3641552511415525 0.02054794520547947 0.025114155251141596
29 0.2979452054794521 0.4931506849315068 0.012842465753424648 0.027397260273972678
29 0.38334760273972607 0.3139269406392694 0.05779109589041091 0.061643835616438415
14 0.2953767123287671 0.5091324200913242 0.10273972602739728 0.07762557077625573
34 0.5740582191780822 0.8162100456621004 0.05650684931506845 0.07077625570776264
21 0.19263698630136986 0.10844748858447488 0.046232876712328765 0.11643835616438354
52 0.45911815068493156 0.07648401826484016 0.06549657534246571 0.15296803652968033
25 0.5425941780821918 0.9098173515981736 0.011558219178082182 0.05251141552511413
14 0.5477311643835617 0.9018264840182648 0.0834760273972602 0.19634703196347034
32 0.705693493150685 0.3276255707762557 0.2093321917808219 0.4360730593607306
32 0.5721318493150684 0.567351598173516 0.13484589041095896 0.3356164383561643
50 0.23565924657534246 0.4155251141552512 0.24015410958904113 0.7442922374429224
50 0.5785530821917808 0.7796803652968037 0.3172089041095891 0.44063926940639264
13 0.4860873287671234 0.33333333333333326 0.28895547945205485 0.6575342465753424
