6 0.2877362072467804 0.7597249150276184 0.13081999123096466 0.14751926064491272
22 0.4701060354709625 0.7180339694023132 0.13332080841064453 0.36000382900238037
12 0.7322914600372314 0.5616134405136108 0.03627217561006546 0.1030086949467659
43 0.6171328671328671 0.7438487438487437 0.17132867132867105 0.16576016576016575
44 0.054778554778554735 0.7320383344095497 0.10955710955710947 0.2805490758066442
21 0.5891608391608392 0.4185444185444186 0.043123543123543086 0.12017612017612017
21 0.5885780885780886 0.5221445221445221 0.041958041958042 0.09945609945609946
21 0.8129370629370629 0.5387205387205387 0.05011655011655023 0.1616161616161616
5 0.7057109557109557 0.5138565138565138 0.054778554778554686 0.22377622377622372
21 0.6497668997668998 0.5635845635845635 0.04778554778554778 0.11188811188811193
