9 0.9159688949584961 0.633735179901123 0.16339454054832458 0.29993829131126404
9 0.3846474885940552 0.35026511549949646 0.15111488103866577 0.4348089098930359
41 0.21377268145161288 0.4102822580645162 0.18258568548387097 0.1270161290322581
45 0.658329133064516 0.40020161290322576 0.13268649193548376 0.4254032258064516
45 0.797820060483871 0.41028225806451607 0.18258568548387089 0.6229838709677419
17 0.9411542338709679 0.3903225775687924 0.11769153225806434 0.2685483809440366
17 0.5171370967741935 0.5776209677419354 0.17237903225806447 0.09072580645161288
27 0.04252772177419354 0.5909274182012004 0.08505544354838708 0.12056451843630889
13 0.5613659274193548 0.20463709677419353 0.13608870967741937 0.39314516129032256
19 0.5101398979572572 0.42830892666889064 0.049026321958232304 0.03983234604550205
19 0.5487398075533314 0.4565070726317956 0.04858264483643835 0.0425930036922199
19 0.5774679011894901 0.4795782829650813 0.04880448339733532 0.04219862402840306
