9 0.11886344105005264 0.6177021265029907 0.2371508628129959 0.6375622749328613
27 0.6151300668716431 0.3772681653499603 0.15102005004882812 0.2042277604341507
2 0.45419606854838707 0.5715725806451613 0.2710433467741935 0.2520161290322582
41 0.7224042338709676 0.8699596774193549 0.33341733870967744 0.26008064516129037
41 0.6625801427682236 0.3169696126420034 0.1663206972204315 0.1536611165921047
5 0.19653385430049275 0.051940298292290396 0.024798325343209412 0.09982671964469471
20 0.21876683564268048 0.08817182344252225 0.016817255117808648 0.06283509256823425
20 0.23700928187216785 0.08943865998623664 0.017957408007151586 0.06131488871577696
7 0.3000027290083664 0.0734765195354352 0.03448962490262453 0.03952530016388927
22 0.26323279832705593 0.06384856180320578 0.044180924462039674 0.11857590049166786
