34 0.6132277397260274 0.704337899543379 0.044948630136986335 0.06621004566210047
5 0.4764554794520548 0.5605022831050228 0.04623287671232866 0.24429223744292236
52 0.3204195205479452 0.16666666666666663 0.07320205479452052 0.33333333333333326
21 0.030179794520547948 0.1449771689497717 0.0526541095890411 0.13470319634703198
25 0.611943493150685 0.8070776255707763 0.03467465753424662 0.08447488584474883
24 0.49443493150684936 0.732876712328767 0.10787671232876718 0.10502283105022812
14 0.622859589041096 0.8230593607305937 0.13356164383561647 0.18949771689497724
32 0.6318493150684932 0.28538812785388123 0.22345890410958916 0.2876712328767123
32 0.5477311643835617 0.5045662100456622 0.1913527397260274 0.26027397260273977
50 0.1149400684931507 0.44885844400484265 0.2298801369863014 0.5506849245393657
50 0.5682791095890409 0.802511415525114 0.4738869863013699 0.39497716894977203
13 0.3037243150684931 0.49657534246575347 0.23244863013698627 0.9292237442922375
