0 0.4404965753424658 0.3287671232876712 0.09503424657534239 0.22831050228310498
14 0.3608732876712329 0.7009132420091325 0.22345890410958902 0.16438356164383564
16 0.7333047945205479 0.43264840182648406 0.12328767123287676 0.29452054794520555
30 0.02247431506849315 0.5504566175208244 0.0449486301369863 0.10547944508731093
39 0.7711900684931507 0.8436073059360731 0.09888698630136986 0.08904109589041098
5 0.8360445205479458 0.768264840182648 0.0898972602739734 0.4178082191780818
41 0.2754708904109591 0.41095890410958874 0.20419520547945197 0.16894977168949862
50 0.8431078767123289 0.502283105022831 0.3069349315068493 0.9954337899543378
41 0.460402397260274 0.252283105022831 0.21446917808219182 0.12100456621004568
41 0.47260273972602745 0.343607305936073 0.22345890410958907 0.09360730593607308
