32 0.7541724617524339 0.09874826147426981 0.22061891515994433 0.19471488178025034
32 0.6872826842837274 0.29276773296244785 0.15568497913769136 0.2127955493741307
34 0.79211578581363 0.5034770514603616 0.027381780250347702 0.05285118219749663
10 0.595749304589708 0.4172461752433936 0.030511126564673106 0.0500695410292073
39 0.6074843532684284 0.4631432545201669 0.05085187760778865 0.022253129346314324
24 0.6254780945757997 0.5097357440890126 0.10248609179415866 0.07093184979137696
9 0.42167941585535473 0.6112656467315716 0.2378303198887344 0.7524339360222531
27 0.25504172461752433 0.4109874826147427 0.14551460361613347 0.16550764951321276
34 0.3446192628650904 0.44228094575799726 0.019558414464534123 0.04450625869262865
4 0.287508692628651 0.09248956884561892 0.1447322670375522 0.15159944367176637
21 0.1603789986091794 0.10709318497913768 0.051634214186369966 0.10848400556328233
4 0.30784944367176637 0.28929068150208626 0.09935674547983307 0.07510431154381088
50 0.2350921418636996 0.47774687065368576 0.26521210013908203 0.855354659248957
50 0.7377433936022254 0.6731571627260083 0.35518080667593876 0.6091794158553546
