24 0.37885273972602745 0.4155251141552511 0.09246575342465753 0.06392694063926939
35 0.4103167808219179 0.34474885844748854 0.02953767123287669 0.0593607305936073
38 0.40967465753424664 0.3367579908675799 0.041095890410958874 0.07990867579908681
38 0.43857020547945214 0.36529680365296796 0.04238013698630134 0.06392694063926946
1 0.2382277397260274 0.5388127853881278 0.07063356164383564 0.15525114155251146
21 0.36536815068493156 0.08561643835616436 0.03981164383561648 0.12557077625570776
5 0.581763698630137 0.6210045662100456 0.07191780821917802 0.18721461187214622
34 0.6235017123287672 0.8904109589041096 0.07320205479452056 0.07305936073059356
29 0.523972602739726 0.3276255707762557 0.06678082191780817 0.07534246575342457
29 0.41609589041095896 0.4771689497716895 0.01284246575342465 0.022831050228310515
46 0.7365154109589043 0.5468036529680366 0.03467465753424662 0.07990867579908681
32 0.829623287671233 0.46232876712328763 0.2491438356164383 0.5365296803652967
32 0.6491866438356165 0.6255707762557077 0.12200342465753415 0.39269406392694056
52 0.6440496575342466 0.10958904109589039 0.09118150684931521 0.20091324200913238
50 0.38077910958904126 0.386986301369863 0.26840753424657526 0.7100456621004567
14 0.4141695205479447 0.5091324200913236 0.11429794520547949 0.12785388127853842
50 0.6427654109589043 0.7888127853881278 0.36857876712328774 0.4223744292237443
10 0.3525256849315069 0.32305936073059366 0.019263698630136973 0.03424657534246581
13 0.6254280821917808 0.32420091324200917 0.3801369863013699 0.6392694063926941
