5 0.7534399628639221 0.491085410118103 0.05427436903119087 0.26893794536590576
12 0.8129835724830627 0.6281362771987915 0.08029575645923615 0.13051605224609375
6 0.4878154993057251 0.7345098257064819 0.1125883087515831 0.1566721647977829
44 0.6101398601398601 0.46309246309246305 0.17832167832167842 0.21341621341621342
44 0.5949883449883447 0.6164206164206165 0.1223776223776223 0.1388241388241387
12 0.7231934731934732 0.5915565915565916 0.061771561771561775 0.13053613053613064
21 0.8799533799533799 0.5024605024605024 0.06526806526806539 0.16783216783216787
21 0.9242424242424242 0.5283605283605284 0.06060606060606053 0.18233618233618223
43 0.35023310023310017 0.8101528101528092 0.2039627039627038 0.2900802900802891
43 0.34557109557109555 0.6682206682206682 0.005827505827505845 0.014504014504014435
43 0.7109557109557108 0.752136752136752 0.20046620046620048 0.20305620305620325
