16 0.1451198630136986 0.24771689497716892 0.15410958904109587 0.2990867579908676
1 0.4867294520547945 0.47260273972602745 0.06934931506849316 0.15525114155251152
49 0.1797945205479452 0.3904109589041096 0.13356164383561647 0.13242009132420093
2 0.10723458904109591 0.5022831050228311 0.10659246575342468 0.15525114155251146
21 0.5971746575342466 0.030821917808219173 0.03595890410958901 0.057077625570776246
5 0.5393835616438356 0.24771689497716895 0.04366438356164387 0.15753424657534246
31 0.5329623287671232 0.3470319634703196 0.04109589041095894 0.031963470319634694
35 0.6466181506849316 0.2579908675799087 0.02953767123287683 0.0593607305936073
38 0.6806506849315069 0.2728310502283105 0.04623287671232873 0.047945205479452045
38 0.6446917808219179 0.252283105022831 0.028253424657534155 0.07077625570776255
29 0.658818493150685 0.39497716894977164 0.01284246575342479 0.031963470319634694
29 0.7679794520547945 0.21347031963470317 0.07191780821917802 0.07077625570776255
14 0.6523972602739727 0.4075342465753424 0.0976027397260274 0.08904109589041091
32 0.9225171232876712 0.5630136951463952 0.15496575342465746 0.4273972533064889
50 0.6106592465753424 0.3219178082191781 0.22474315068493142 0.6438356164383562
50 0.8653681506849316 0.7397260273972602 0.26926369863013705 0.5205479452054795
13 0.8392551369863014 0.2831050228310502 0.31207191780821913 0.5662100456621004
