21 0.5841346153846153 0.6814595660749506 0.07433431952662722 0.12031558185404342
21 0.24519230769230765 0.49704142011834324 0.039940828402366825 0.12228796844181453
21 0.24796597633136094 0.6213017751479291 0.04992603550295858 0.10650887573964503
5 0.19415680473372782 0.6114398422090729 0.07988165680473372 0.24852071005917153
48 0.41383136094674555 0.8846153846153846 0.07322485207100599 0.19526627218934905
12 0.14589497041420116 0.7642998027613411 0.0787721893491124 0.12426035502958589
44 0.33894230769230765 0.5325443786982247 0.1630917159763313 0.19723865877712027
44 0.36113165680473375 0.6785009861932939 0.1209319526627219 0.11439842209072972
6 0.49149408284023666 0.7347140039447732 0.10650887573964503 0.13214990138067065
43 0.2862426035502958 0.840236686390532 0.1886094674556211 0.22090729783037452
