55 0.37419871794871795 0.21652421652421655 0.09561965811965806 0.4273504273504274
55 0.4639423076923077 0.22269705603038936 0.07638888888888892 0.43209876543209874
55 0.5478098290598291 0.23409306742640076 0.07425213675213677 0.4624881291547958
55 0.6364850427350427 0.23219373219373218 0.09455128205128205 0.46438746438746437
0 0.4508547008547009 0.4643874643874644 0.10042735042735039 0.17473884140550808
5 0.15197649572649574 0.775403608736942 0.06463675213675217 0.37701804368471037
36 0.5531517094017093 0.6794871794871794 0.08814102564102569 0.06362773029439694
41 0.687767094017094 0.641025641025641 0.12767094017094016 0.15954415954415943
41 0.3261217948717949 0.5394112060778727 0.12019230769230774 0.14814814814814817
16 0.08840811965811964 0.22127255460588796 0.172542735042735 0.4406457739791073
