27 0.7835959792137146 0.6841567158699036 0.18583665788173676 0.2622852027416229
22 0.6044255495071411 0.7815013527870178 0.09410152584314346 0.23698510229587555
5 0.5312275290489197 0.18541395664215088 0.019220829010009766 0.10873701423406601
17 0.36517137096774194 0.8971774193548387 0.2154737903225806 0.1935483870967741
50 0.2234122983870968 0.5574596774193548 0.38558467741935487 0.5544354838709679
20 0.5587866069189944 0.23585990357047606 0.01720519829719791 0.05981461531470281
20 0.5433019284515163 0.22804322088730472 0.013764158637758327 0.060494326852369905
21 0.49378919112958014 0.17876413440644146 0.019499224736824274 0.05981461531470282
21 0.5121414026465912 0.1811431247882763 0.01720519829719791 0.06321317300303826
7 0.6264603868879728 0.22804322088730467 0.03096935693495638 0.04418124994836003
