9 0.6300954818725586 0.2138168215751648 0.15686798095703125 0.30827322602272034
9 0.050679586827754974 0.40461188554763794 0.10090198367834091 0.36228200793266296
17 0.4248251748251748 0.5407925407925408 0.14801864801864803 0.15332815332815336
50 0.7599067599067598 0.6730121730121726 0.48018648018648025 0.6539756539756535
45 0.35780885780885785 0.20202020202020202 0.12354312354312355 0.3916083916083916
45 0.4965034965034967 0.24553224553224529 0.16550116550116564 0.4827764827764823
4 0.4784382284382285 0.23102823102823108 0.07575757575757579 0.06423206423206422
19 0.22547677634091862 0.24468277791206766 0.06497799346035105 0.03236692320515605
19 0.29061172147629455 0.3032780699214019 0.05901382980940095 0.06250164480995643
19 0.24242755724361886 0.2812350791178905 0.05932773315945095 0.03850547760613392
