9 0.45612362027168274 0.7309035062789917 0.22080864012241364 0.5338153839111328
27 0.9580045938491821 0.826401948928833 0.08283881843090057 0.2663753926753998
5 0.32991084456443787 0.48524513840675354 0.032004546374082565 0.1642065793275833
0 0.3653782773302618 0.1726408988492931 0.04127196488115913 0.12948067413696981
21 0.4770553587733981 0.04819558426209433 0.03156091432088651 0.0676176853826398
21 0.502951493600792 0.05970497751871386 0.018612846907189392 0.04459889886940072
21 0.5807549677811877 0.38765032311359954 0.011657164216717107 0.042162310423681786
21 0.5912062184582445 0.3865783999672347 0.010853221856943662 0.05288154188732975
21 0.5996476132358675 0.39193801569905873 0.010049279497169933 0.042162310423681786
21 0.6536051384959314 0.23975347707025832 0.012863077756377522 0.03501615611458323
20 0.6712238984590843 0.43029537637002135 0.014519607786291714 0.0516252721290369
20 0.6257433623049649 0.4325729619051259 0.0132384659227953 0.04858849141556412
7 0.7036794923343243 0.42725859565654856 0.0264769318455906 0.03644136856167315
22 0.6213538037957149 0.3966794806973789 0.03758016132922549 0.09641778765276009
5 0.5810828506370207 0.20777318151688867 0.013711195208988301 0.08287655770766289
5 0.5941084860855596 0.21488269014377154 0.01005487648659141 0.07678269317033472
5 0.6408408097561948 0.22341410049603094 0.011654515927640077 0.062157418280747195
5 0.6671206005734226 0.21549207659750436 0.012111555767939564 0.08368907297930661
5 0.6996137355386299 0.2512703477558308 0.036791707144118675 0.021531654698559492
50 0.3050655241935484 0.6542338709677419 0.2925907258064516 0.41330645161290314
55 0.8051915322580644 0.2247983870967742 0.15196572580645168 0.4495967741935484
13 0.2699092741935484 0.2610887096774194 0.20186491935483863 0.5100806451612904
