5 0.43050000000000005 0.7893333333333333 0.045 0.22399999999999992
1 0.9442499999999999 0.8306666666666667 0.10650000000000005 0.26933333333333337
1 0.921 0.6986666666666668 0.11400000000000006 0.25600000000000006
6 0.15 0.2826666666666667 0.08399999999999999 0.06399999999999999
6 0.537 0.24400000000000002 0.06600000000000009 0.07200000000000002
11 0.59625 0.7440000000000001 0.12749999999999992 0.10666666666666672
21 0.03900000000000001 0.2906666666666667 0.06600000000000002 0.13866666666666666
21 0.07725 0.2653333333333333 0.0585 0.11999999999999997
21 0.1905 0.22933333333333333 0.03600000000000001 0.10666666666666672
21 0.2205 0.23333333333333328 0.029999999999999995 0.08266666666666662
21 0.24975000000000003 0.22133333333333333 0.04050000000000001 0.0906666666666667
21 0.24375 0.14266666666666666 0.04350000000000001 0.10399999999999998
5 0.1365 0.148 0.05400000000000002 0.19466666666666665
35 0.31125 0.23466666666666666 0.037499999999999964 0.08533333333333332
6 0.30750000000000005 0.1733333333333333 0.05100000000000002 0.05866666666666667
21 0.13275000000000003 0.7480000000000001 0.11849999999999997 0.24266666666666667
44 0.46799999999999997 0.6653333333333333 0.08399999999999999 0.13599999999999987
44 0.5685000000000001 0.6266666666666666 0.14699999999999996 0.144
37 0.6735 0.7506666666666666 0.09 0.14666666666666664
