5 0.8485800623893738 0.3883923590183258 0.05138816684484482 0.19809290766716003
20 0.924630343914032 0.5160618424415588 0.05017242580652237 0.12328677624464035
20 0.8849812746047974 0.49247288703918457 0.04706630855798721 0.11905048787593842
21 0.7452359795570374 0.33334583044052124 0.03826961666345596 0.0992564707994461
22 0.9750444889068604 0.4832390546798706 0.0489995963871479 0.26700642704963684
21 0.7859122983870966 0.34677419354838707 0.03175403225806448 0.10483870967741929
21 0.8182333669354839 0.36592741935483875 0.02835181451612911 0.10685483870967744
30 0.4264112903225806 0.21471774193548387 0.10206653225806449 0.41330645161290325
13 0.165007560483871 0.4377016098268575 0.330015120967742 0.8745967803462869
14 0.7173009072580645 0.6391129032258064 0.2211441532258064 0.28225806451612895
