3 0.6956923890063426 0.8076109936575052 0.12367864693446087 0.18604651162790703
6 0.5357426004228331 0.12050739957716701 0.06778541226215637 0.06765327695560254
8 0.7593155391120509 0.6532769556025371 0.112975687103594 0.23255813953488377
11 0.23427589852008437 0.16279069767441848 0.15697674418604649 0.19450317124735717
8 0.7581263213530656 0.4778012684989429 0.11535412262156455 0.11839323467230436
35 0.09038054968287527 0.34038054968287523 0.06659619450317127 0.10147991543340379
37 0.6653673361522201 0.05179704016913319 0.15816596194503185 0.09936575052854123
37 0.5529862579281185 0.6881606765327696 0.1070295983086681 0.13319238900634248
44 0.45190274841437644 0.7367864693446089 0.08562367864693449 0.09513742071881609
44 0.3442785412262157 0.7061310782241015 0.1058403805496829 0.13530655391120505
44 0.4417943974630022 0.6131078224101479 0.15578752642706128 0.1353065539112051
44 0.8711020084566597 0.5200845665961945 0.10108350951374206 0.16490486257928125
