52 0.6825770547945206 0.1872146118721461 0.15282534246575352 0.3744292237442922
13 0.7294520547945206 0.5011415525114156 0.2953767123287673 0.9977168949771689
29 0.5310359589041096 0.7831050228310502 0.014126712328767183 0.022831050228310515
10 0.3884845890410959 0.6289954337899544 0.016695205479452115 0.029680365296803613
35 0.47452910958904115 0.6141552511415526 0.044948630136986335 0.07762557077625573
38 0.4726027397260274 0.6061643835616438 0.05393835616438352 0.12100456621004554
38 0.5233304794520549 0.6084474885844748 0.0500856164383562 0.11187214611872143
21 0.37564212328767127 0.25 0.05779109589041091 0.14840182648401826
50 0.4437071917808219 0.6118721461187215 0.35573630136986295 0.7762557077625571
14 0.5329623287671234 0.8184931506849316 0.14383561643835618 0.13926940639269417
29 0.6247859589041095 0.5148401826484018 0.07577054794520549 0.08904109589041098
