50 0.3130040322580641 0.6602822580645161 0.4808467741935476 0.679435483870968
17 0.6639994959677419 0.6814516129032258 0.21433971774193544 0.18951612903225815
41 0.41687220245674667 0.25123575799411957 0.1379464542728459 0.1420689919867472
4 0.37245542653668406 0.20041875655273253 0.06088671085146309 0.043973735614945574
45 0.8533896169354837 0.2872983870967741 0.1757812500000001 0.49395161290322553
45 0.9462575604838709 0.3046370936978247 0.10748487903225841 0.5810483809440365
13 0.5364163306451613 0.1532258064516129 0.14289314516129026 0.3024193548387097
13 0.7439516129032258 0.1693548387096774 0.14289314516129026 0.3225806451612903
19 0.6789506578409455 0.3050049014736355 0.06031055641655783 0.05767070041179267
19 0.717101653755965 0.33993222707514364 0.06076745457122883 0.05117259332313992
19 0.7474853810415795 0.3716104991323256 0.06396574165392493 0.03655185237367142
