5 0.03595890410958904 0.6381278538812785 0.03595890410958904 0.16666666666666657
39 0.08411815068493152 0.8995433789954339 0.1656678082191781 0.09132420091324192
41 0.12071917808219179 0.704337899543379 0.22089041095890413 0.09360730593607315
41 0.3525256849315068 0.5479452054794521 0.22731164383561644 0.11872146118721467
41 0.3544520547945206 0.6278538812785388 0.2337328767123288 0.1050228310502284
27 0.7622003424657535 0.5662100456621004 0.19135273972602745 0.22831050228310518
34 0.7821061643835617 0.6872146118721462 0.06934931506849296 0.04566210045662103
50 0.8154965753424659 0.6095890410958904 0.3082191780821917 0.7442922374429224
14 0.28574486301369867 0.9474885844748857 0.1348458904109589 0.1050228310502284
55 0.36151541095890416 0.29452054794520555 0.2119006849315069 0.5707762557077626
