28 0.8116438356164383 0.03538812785388127 0.06421232876712324 0.07077625570776254
52 0.4353595890410959 0.11301369863013697 0.07705479452054789 0.22602739726027393
29 0.3165667808219178 0.3812785388127854 0.07320205479452052 0.07762557077625566
29 0.2202482876712329 0.5479452054794521 0.019263698630136973 0.027397260273972605
14 0.21767979452054795 0.5639269406392695 0.11172945205479451 0.08219178082191775
34 0.4841609589041096 0.8995433789954339 0.05650684931506845 0.07305936073059356
46 0.5618578767123289 0.547945205479452 0.04238013698630134 0.07305936073059356
21 0.1348458904109589 0.1506849315068493 0.05650684931506847 0.11415525114155249
1 0.02183219178082192 0.6748858412651165 0.04366438356164384 0.18082191084073557
32 0.6389126712328766 0.4646118721461187 0.21446917808219168 0.42694063926940645
32 0.1752996575342466 0.3458904109589041 0.1810787671232877 0.20776255707762556
50 0.15603595890410962 0.478310502283105 0.24785958904109592 0.7831050228310502
50 0.4912243150684931 0.8264840182648402 0.3505993150684931 0.3470319634703196
13 0.4026113013698631 0.3641552511415525 0.31464041095890416 0.7237442922374429
