49 0.5291963815689087 0.4170779287815094 0.1257987916469574 0.3629938066005707
29 0.7243589743589743 0.7096607096607096 0.08741258741258733 0.09738409738409742
50 0.7266899766899764 0.7134162134162131 0.546620046620046 0.5731675731675726
27 0.17798162996160222 0.18343395676122104 0.1363376420272181 0.11034330560957767
39 0.3119320370116911 0.14665285489136193 0.04986668618894399 0.04809836398366205
41 0.35543276326162043 0.0664889149185917 0.14005111865830996 0.1329778298371834
19 0.6710287767607415 0.09959053293894175 0.059400172394078084 0.05322942277771027
19 0.722581365403569 0.13762381339767898 0.0480513589691928 0.05632016214509886
45 0.8100233100233101 0.1667961667961668 0.1491841491841491 0.3335923335923336
4 0.9493006993006992 0.1792281792281792 0.09440559440559426 0.1015281015281015
45 0.9207459207459208 0.26210826210826216 0.15850815850815825 0.5242165242165243
