28 0.8925513698630136 0.023972602739726026 0.08219178082191775 0.04794520547945205
46 0.5862585616438356 0.46347031963470314 0.037243150684931475 0.06849315068493148
32 0.6748715753424659 0.39954337899543374 0.20676369863013705 0.4155251141552512
32 0.5143407534246576 0.5513698630136986 0.1399828767123288 0.33561643835616445
29 0.2523544520547945 0.3801369863013699 0.024400684931506867 0.020547945205479437
10 0.17273116438356165 0.2054794520547945 0.026969178082191778 0.04566210045662103
29 0.36536815068493156 0.2328767123287671 0.06549657534246571 0.08219178082191782
35 0.24400684931506852 0.2317351598173516 0.03339041095890412 0.06164383561643838
38 0.24529109589041098 0.23059360730593603 0.03082191780821919 0.09589041095890412
38 0.2806078767123288 0.24657534246575344 0.05522260273972602 0.05936073059360734
52 0.47324486301369867 0.0639269406392694 0.06806506849315071 0.1278538812785388
1 0.04430650684931507 0.44406392694063923 0.08090753424657535 0.1666666666666667
50 0.2016267123287671 0.319634703196347 0.24143835616438353 0.6255707762557078
50 0.5130565068493151 0.7625570776255708 0.35830479452054803 0.4748858447488584
13 0.4642551369863014 0.28538812785388123 0.3557363013698631 0.5616438356164383
