1 0.31144383697813127 0.8906560636182903 0.34778827037773363 0.21868787276341947
1 0.5971669980119284 0.411530815109344 0.026838966202783324 0.08349900596421471
1 0.5300695825049702 0.34592445328031807 0.03802186878727632 0.07157057654075541
19 0.46185387673956263 0.5228628230616301 0.040258449304174916 0.047713717693836984
19 0.39363817097415504 0.514910536779324 0.05144135188866798 0.05964214711729618
19 0.4092942345924454 0.4662027833001989 0.05144135188866798 0.03379721669980121
19 0.45458499005964215 0.41451292246520877 0.04361332007952278 0.04174950298210739
13 0.30305666003976145 0.28628230616302186 0.06486083499005968 0.5685884691848906
13 0.4070576540755467 0.24453280318091453 0.024602385685884656 0.09940357852882702
52 0.6469309145129225 0.20079522862823063 0.0950546719681909 0.39363817097415504
