43 0.9064640410958904 0.38949771341123535 0.18707191780821916 0.31324200216493653
52 0.21767979452054795 0.09246575342465753 0.10402397260273971 0.18493150684931506
31 0.3518835616438356 0.6575342465753425 0.05650684931506845 0.06392694063926946
34 0.4738869863013699 0.7773972602739727 0.046232876712328806 0.09817351598173517
46 0.4661815068493151 0.4029680365296804 0.056506849315068525 0.06164383561643831
25 0.4661815068493151 0.889269406392694 0.020547945205479437 0.038812785388127796
29 0.13805650684931506 0.6621004566210046 0.019263698630136973 0.018264840182648356
29 0.18621575342465754 0.4155251141552512 0.06678082191780824 0.09589041095890416
14 0.1348458904109589 0.684931506849315 0.11815068493150685 0.21004566210045653
35 0.07641267123287672 0.545662100456621 0.0526541095890411 0.0593607305936073
38 0.08090753424657535 0.5399543378995433 0.051369863013698634 0.0662100456621004
38 0.11558219178082192 0.5034246575342466 0.04366438356164384 0.09817351598173524
14 0.48095034246575347 0.9086757990867579 0.09888698630136986 0.1461187214611873
32 0.49571917808219185 0.2557077625570776 0.20291095890410965 0.3561643835616438
32 0.41288527397260266 0.5547945205479452 0.1733732876712329 0.28767123287671237
50 0.113013698630137 0.5652968001692261 0.226027397260274 0.7598173585656567
50 0.46875 0.7910958904109588 0.3621575342465754 0.4178082191780822
13 0.2684075342465754 0.38926940639269403 0.39811643835616445 0.7739726027397259
