9 0.4051685929298401 0.3469756245613098 0.13391618430614471 0.3416285216808319
5 0.9085081815719604 0.17234764993190765 0.049857139587402344 0.2009449005126953
49 0.3025881052017212 0.5559113621711731 0.12473276257514954 0.30666860938072205
20 0.9688698053359985 0.2794557213783264 0.030017852783203125 0.08414730429649353
20 0.9403751492500305 0.2613590955734253 0.024753570556640625 0.07967914640903473
36 0.5606060606060607 0.6143486143486143 0.12587412587412586 0.1554001554001554
50 0.5973193473193474 0.7171717171717173 0.5303030303030308 0.5656565656565653
13 0.5233100233100234 0.2289562289562289 0.22843822843822842 0.43719243719243717
9 0.07517482517482522 0.5254597222981012 0.15034965034965045 0.4906500969733392
55 0.12878787878787878 0.12349132032969923 0.25757575757575757 0.2130018193250615
