4 0.8607666290868095 0.15733433546285858 0.09357384441939132 0.08217462106977326
9 0.8771138669673055 0.4629838406614055 0.21871476888387817 0.5772266065388952
14 0.6956031567080047 0.24151321558311412 0.18489289740698994 0.09019165727170239
14 0.8348365276211951 0.23449830890642617 0.15219842164599784 0.1202555430289365
24 0.7068771138669672 0.1693598897657522 0.0992108229988726 0.04208944006012777
27 0.701240135287486 0.1362896154327947 0.10822998872604274 0.05611925341350371
34 0.7998872604284104 0.16234498308906425 0.032694475760991965 0.03607666290868094
36 0.44870349492671935 0.35074533383439815 0.10372040586245782 0.06413628961543286
41 0.4036076662908681 0.24451960415883753 0.09695603156708003 0.08818739822122008
41 0.16065388951521986 0.32669422522861086 0.30777903043968435 0.26456219466366027
41 0.5276211950394588 0.2515345108355255 0.1443066516347237 0.15432794688713522
7 0.5682074408117249 0.1252661906551422 0.056369785794813936 0.0661405486659151
42 0.46786922209695603 0.09019165727170236 0.0473506200676438 0.11624702492797194
10 0.5236753100338218 0.10923211825128398 0.02367531003382183 0.07415758486784418
50 0.7632468996617813 0.27658774896655397 0.2886133032694476 0.4970562445196042
54 0.6431792559188275 0.7355630715269948 0.40698985343855704 0.4810221721157459
