28 0.2741866438356165 0.1449771689497717 0.05522260273972602 0.08447488584474887
13 0.0898972602739726 0.11301369863013697 0.1797945205479452 0.22602739726027393
52 0.5811215753424658 0.5251141552511416 0.09631849315068486 0.3835616438356165
29 0.5406678082191781 0.8047945205479452 0.056506849315068594 0.06621004566210047
34 0.37564212328767127 0.9349315068493153 0.03981164383561648 0.03424657534246577
35 0.4353595890410959 0.8630136986301369 0.030821917808219225 0.05479452054794521
38 0.4700342465753425 0.865296803652968 0.03595890410958901 0.05479452054794521
38 0.4347174657534246 0.8561643835616438 0.03210616438356162 0.07762557077625559
10 0.3782106164383562 0.867579908675799 0.014126712328767183 0.027397260273972535
10 0.44178082191780815 0.4874429223744292 0.1412671232876712 0.18036529680365299
16 0.4950770547945206 0.1050228310502283 0.6511130136986302 0.2100456621004566
46 0.821917808219178 0.9360730593607306 0.05136986301369873 0.06849315068493154
32 0.8925513698630138 0.7917808218089414 0.21061643835616436 0.41461187192838495
13 0.6279965753424658 0.6643835616438355 0.2080479452054795 0.6712328767123288
50 0.4167380136986301 0.7990867579908675 0.21703767123287673 0.4018264840182648
