0 0.4521901709401709 0.46581196581196577 0.08707264957264961 0.19278252611585942
5 0.15571581196581197 0.7739791073124407 0.0689102564102564 0.38556505223171883
5 0.2577457264957265 0.8366571699905033 0.050747863247863234 0.30389363722697055
16 0.0889423076923077 0.2222222222222222 0.1778846153846154 0.4444444444444444
41 0.68883547008547 0.6467236467236468 0.13194444444444442 0.15194681861348536
41 0.327190170940171 0.5432098765432098 0.12446581196581195 0.1500474833808167
36 0.5526175213675214 0.6761633428300096 0.09027777777777779 0.05508072174738842
55 0.3704594017094017 0.21415004748338082 0.09134615384615387 0.42830009496676164
55 0.45886752136752135 0.23171889838556506 0.0694444444444445 0.4102564102564103
55 0.5435363247863247 0.23836657169990502 0.07104700854700859 0.4254510921177588
55 0.6322115384615385 0.24358974358974358 0.08066239316239326 0.44159544159544156
