5 0.8379708904109587 0.7511415525114156 0.08604452054794515 0.44292237442922366
14 0.3767737890299878 0.6751021049033514 0.21942754462984582 0.16810991308446488
16 0.751284246575341 0.44063926940639303 0.11301369863013604 0.28767123287671315
24 0.8366866438356165 0.6883561643835617 0.11429794520547944 0.2351598173515982
27 0.8296232876712324 0.6700913242009134 0.20291095890410932 0.24885844748858404
30 0.03146404109589041 0.5376712328767124 0.047517123287671235 0.12100456621004568
39 0.7769691780821918 0.8447488584474886 0.09760273972602733 0.07305936073059356
41 0.2793566121928868 0.497800896851722 0.18580124664211933 0.1400975168608361
50 0.8467465753424652 0.5036529645527877 0.3065068493150683 0.992694070894424
41 0.4674657534246576 0.2557077625570776 0.21832191780821922 0.11872146118721463
41 0.48480308219178087 0.34018264840182644 0.24015410958904113 0.10958904109589039
