13 0.08911700581395349 0.47383720930232553 0.1749636627906977 0.7965116279069767
9 0.22238372093023245 0.7529069767441858 0.17005813953488372 0.4941860465116276
9 0.6951780513275501 0.7790697674418601 0.08548691660858873 0.4418604651162791
20 0.5510537790697674 0.7848837209302326 0.039244186046511725 0.16279069767441853
20 0.34747456395348836 0.7761627906976745 0.0474200581395349 0.16860465116279072
43 0.45294331395348836 0.8720930232558135 0.15370639534883732 0.08720930232558147
22 0.4733829941860465 0.7078488372093023 0.07358284883720934 0.2238372093023257
6 0.52734375 0.6569767441860465 0.08012354651162788 0.09883720930232562
42 0.4357739825581396 0.626453488372093 0.08666424418604655 0.19476744186046502
55 0.38426598837209297 0.28924418604651164 0.07521802325581398 0.17732558139534882
28 0.5633175872093024 0.024709302325581394 0.06050145348837213 0.04941860465116279
50 0.4441787780717362 0.8226744186046505 0.4501308119574259 0.3546511627906973
52 0.2877906976744186 0.373546511627907 0.05559593023255815 0.316860465116279
