9 0.43522530794143677 0.3127191960811615 0.14913463592529297 0.4448215663433075
22 0.4421353042125702 0.6771942377090454 0.10755046457052231 0.29699233174324036
9 0.9088414311408997 0.4867527186870575 0.18151035904884338 0.4987871050834656
50 0.3612021169354837 0.782258064516129 0.6657006048387093 0.43548387096774144
41 0.22057711693548385 0.40120967741935487 0.13722278225806453 0.1129032258064516
0 0.9292464717741925 0.37399193548387105 0.1369707661290315 0.2681451612903228
13 0.5443548387096775 0.23387096774193547 0.1383568548387097 0.4637096774193548
13 0.3373865927419355 0.19052419354838712 0.1735131048387097 0.3689516129032258
45 0.6478162957589073 0.36774364811992355 0.12025728403387198 0.3850662529165387
45 0.7742230999990569 0.39628956907745866 0.15578784522569747 0.5369062580098115
