0 0.30733366935483875 0.5100806451612903 0.17464717741935487 0.15322580645161288
27 0.11680947580645157 0.5403225806451615 0.13608870967741932 0.12096774193548372
41 0.3742439516129032 0.4133064516129032 0.1565020161290322 0.14112903225806456
17 0.478578629032258 0.8629032258064514 0.23135080645161285 0.21774193548387125
45 0.7808089717741941 0.43548387096774177 0.13495463709677372 0.4596774193548389
45 0.7808089717741941 0.43548387096774177 0.13495463709677372 0.4596774193548389
45 0.9116683467741935 0.45181451305266335 0.17666330645161354 0.6294354777182302
13 0.47517641129032256 0.24092741935483875 0.1633064516129032 0.4697580645161291
13 0.6878150201612903 0.23387096774193547 0.15309979838709672 0.46774193548387094
19 0.6053730377787421 0.43576487386554774 0.0418789352071775 0.04445661547172818
19 0.6380627102246325 0.4571897487916817 0.05483428926407444 0.05409780918848846
19 0.6716562445814691 0.48343522057619576 0.04489180824366567 0.04552785921803507
