34 0.7769691780821918 0.6917808219178082 0.06678082191780817 0.07305936073059356
27 0.7487157534246576 0.5627853881278538 0.22345890410958907 0.29908675799086754
50 0.8289811643835617 0.5988584473797175 0.33775684931506844 0.7657534248752681
39 0.08219178082191782 0.9036529679276629 0.16438356164383564 0.08127853859505152
5 0.0372431506849315 0.6426940639269406 0.03595890410958904 0.1621004566210046
41 0.11237157534246575 0.7100456621004565 0.206763698630137 0.11415525114155244
41 0.3467465753424658 0.5559360730593608 0.22602739726027393 0.09817351598173517
41 0.3505993150684932 0.6267123287671234 0.22602739726027393 0.11643835616438353
14 0.2921660958904109 0.9463470319634704 0.16823630136986303 0.10730593607305934
55 0.36922089041095896 0.2888127853881279 0.23501712328767127 0.5593607305936074
