1 0.18493150684931506 0.4885844748858447 0.08476027397260275 0.1506849315068493
29 0.3762842465753425 0.42123287671232873 0.015410958904109578 0.015981735159817347
29 0.4815924657534246 0.273972602739726 0.06164383561643831 0.06849315068493154
52 0.5862585616438356 0.0684931506849315 0.06806506849315064 0.136986301369863
21 0.3242722602739726 0.042237442922374434 0.039811643835616445 0.08447488584474887
35 0.36665239726027393 0.2899543378995434 0.03467465753424655 0.05022831050228312
38 0.36665239726027393 0.2819634703196347 0.02696917808219176 0.09360730593607304
38 0.4013270547945206 0.30593607305936066 0.037243150684931475 0.054794520547945175
10 0.3062928082191781 0.2625570776255708 0.014126712328767183 0.031963470319634694
34 0.6023116438356165 0.8333333333333338 0.06934931506849307 0.06849315068493077
5 0.5612157534246576 0.5799086757990868 0.05650684931506838 0.17808219178082196
46 0.7063356164383561 0.4977168949771689 0.048801369863013665 0.09132420091324206
32 0.8013698630136986 0.41666666666666674 0.21318493150684945 0.4908675799086758
32 0.6305650684931507 0.5844748858447488 0.15410958904109584 0.3744292237442922
14 0.37949486301369867 0.4280821917808219 0.10402397260273971 0.093607305936073
50 0.328125 0.33105022831050235 0.23758561643835616 0.6575342465753425
50 0.617722602739726 0.7865296803652967 0.339041095890411 0.42694063926940645
13 0.5605736301369864 0.3105022831050228 0.33261986301369867 0.6118721461187215
