27 0.47135934393638174 0.7047713717693838 0.18004473161033802 0.23260437375745538
24 0.6407803180914513 0.7673956262425446 0.06038767395626245 0.07952286282306162
4 0.777770874751491 0.31809145129224653 0.06374254473161031 0.09542743538767397
4 0.8733846918489067 0.3190854870775348 0.08946322067594437 0.06560636182902588
4 0.7101143141153082 0.49801192842942343 0.07157057654075544 0.09741550695825048
5 0.4383697813121272 0.5228628230616301 0.03131212723658052 0.11133200795228625
7 0.4898111332007953 0.562624254473161 0.05367793240556658 0.08349900596421471
18 0.4853379721669981 0.39065606361829025 0.05144135188866805 0.08946322067594437
34 0.597726143141153 0.7763419483101391 0.04361332007952292 0.05765407554671952
13 0.14090457256461236 0.49801192842942343 0.26167992047713723 0.9642147117296221
14 0.6334638798882503 0.900376023629797 0.14090457256461209 0.10337972166998037
42 0.42662773359840955 0.2952286282306163 0.05703280318091458 0.24055666003976142
7 0.5444337881448833 0.4314467744967518 0.1028827037773359 0.0377733598409543
