5 0.3904109589041096 0.22716894977168947 0.05393835616438359 0.16210045662100458
41 0.45911815068493156 0.3561643835616438 0.2529965753424657 0.19178082191780818
41 0.771832191780822 0.22602739726027393 0.3133561643835617 0.2557077625570776
41 0.7711900684931507 0.4006849315068493 0.3326198630136986 0.25799086757990863
14 0.41609589041095896 0.7990867579908675 0.1977739726027397 0.4018264840182648
30 0.16823630136986303 0.3778538812785388 0.05907534246575345 0.10730593607305941
51 0.11686643835616438 0.4257990867579909 0.05136986301369863 0.13470319634703196
51 0.017337328767123288 0.44931506838428376 0.034674657534246575 0.17716894955395568
10 0.06870719178082192 0.2842465753424658 0.0372431506849315 0.07534246575342468
10 0.08219178082191782 0.0319634703196347 0.07191780821917808 0.0593607305936073
