5 0.03403253424657535 0.6449771689497718 0.039811643835616445 0.1575342465753426
34 0.7808219178082192 0.6963470319634704 0.07705479452054803 0.08219178082191775
27 0.7519263698630138 0.565068493150685 0.2119006849315069 0.24885844748858454
39 0.08861301369863014 0.9006849315068493 0.15924657534246578 0.093607305936073
50 0.8270547945205479 0.4885844748858447 0.32619863013698636 0.9771689497716894
41 0.11429794520547945 0.7020547945205479 0.21318493150684933 0.10730593607305934
41 0.3461044520547945 0.5525114155251142 0.21703767123287668 0.10958904109589049
41 0.355736301369863 0.6278538812785388 0.24143835616438356 0.13242009132420088
55 0.3595890410958904 0.2671232876712329 0.22602739726027393 0.5296803652968037
14 0.2799657534246575 0.9394977168949771 0.15410958904109592 0.12100456621004568
