6 0.3836749792098999 0.6561459898948669 0.12254206091165543 0.16277386248111725
20 0.22479206323623657 0.6616278886795044 0.06033177301287651 0.1697726845741272
6 0.127039627039627 0.7977207977207976 0.14918414918414918 0.1740481740481739
21 0.20337995337995338 0.5521885521885522 0.09673659673659676 0.09738409738409735
22 0.0675990675990676 0.5635845635845635 0.1351981351981352 0.31908831908831914
41 0.8006993006993006 0.4485884485884486 0.1841491841491842 0.2175602175602176
2 0.24883449883449885 0.1989121989121989 0.11072261072261075 0.14504014504014506
27 0.532051282051282 0.43304843304843305 0.13636363636363646 0.12432012432012428
18 0.38344988344988346 0.6671846671846672 0.0675990675990677 0.08288008288008292
18 0.12354312354312354 0.8049728049728049 0.07925407925407925 0.08495208495208502
50 0.33857808857808824 0.707200207200207 0.6771561771561765 0.5855995855995851
