0 0.4165942280945758 0.4151599443671766 0.08371001390820589 0.25730180806675945
32 0.7596488178025035 0.09388038942976357 0.23626564673157163 0.18776077885952713
32 0.6927590403337969 0.2858136300417246 0.16194367176634217 0.21557719054242008
10 0.5980963143254521 0.42141863699582754 0.027381780250347633 0.0417246175243394
39 0.6102225312934633 0.4680111265646731 0.054763560500695474 0.031988873435326824
24 0.6309544506258693 0.521557719054242 0.10092141863699573 0.0695410292072323
34 0.7917246175243394 0.4993045897079277 0.04850486787204446 0.05563282336578581
14 0.7749043810848399 0.5938803894297635 0.11656815020862311 0.1390820584144646
9 0.47214012517385257 0.6223922114047288 0.2526947148817802 0.7552155771905424
27 0.2569975660639778 0.41376912378303193 0.15568497913769125 0.16550764951321284
4 0.31136995827538244 0.6091794158553546 0.10796244784422808 0.0945757997218358
4 0.2746001390820584 0.10083449235048679 0.13612656467315712 0.1488178025034771
21 0.15959666203059808 0.11543810848400557 0.0422461752433936 0.11126564673157163
4 0.31019645340751045 0.2719054242002782 0.09935674547983311 0.10152990264255908
50 0.2507388734353268 0.4791376912378304 0.29650556328233657 0.8525730180806677
50 0.7502607788595271 0.6502086230876216 0.35361613351877613 0.6050069541029207
