2 0.631849315068493 0.3938356164383557 0.16952054794520557 0.1347031963470329
5 0.841181506849315 0.7614155251141552 0.1130136986301369 0.4406392694063927
14 0.36793664383561636 0.7077625570776255 0.219606164383562 0.16438356164383683
16 0.739083904109589 0.44063926940639264 0.12200342465753422 0.2876712328767123
30 0.023758561643835618 0.553881275055071 0.047517123287671235 0.11232876015580409
39 0.7673373287671234 0.839041095890411 0.09631849315068493 0.093607305936073
41 0.28253424657534226 0.4109589041095893 0.21575342465753408 0.16894977168949799
41 0.45911815068493156 0.2602739726027397 0.22217465753424656 0.10958904109589042
41 0.46875 0.3424657534246575 0.23373287671232873 0.09589041095890409
50 0.8441780821917807 0.5000000000000001 0.3116438356164383 1.0000000000000002
