49 0.1470462328767123 0.7625570776255708 0.1502568493150685 0.21917808219178084
21 0.5104880136986302 0.3698630136986301 0.04238013698630134 0.136986301369863
13 0.2748287671232877 0.4634703196347032 0.16695205479452058 0.9269406392694064
27 0.4950770547945206 0.7853881278538813 0.16823630136986303 0.2968036529680365
34 0.5991010273972602 0.8778538812785388 0.03981164383561641 0.04337899543378995
35 0.639554794520548 0.8013698630136986 0.038527397260273946 0.07762557077625559
38 0.6369863013698631 0.7808219178082192 0.03339041095890423 0.1324200913242008
38 0.6806506849315069 0.8047945205479452 0.041095890410958874 0.16210045662100442
29 0.8219178082191781 0.776255707762557 0.1258561643835617 0.1187214611872146
0 0.8501712328767124 0.8995433789954339 0.1746575342465752 0.20091324200913235
13 0.8636558219178082 0.6084474885844748 0.2529965753424658 0.7602739726027398
50 0.5804794520547945 0.6621004566210046 0.3852739726027397 0.6757990867579909
