1 0.18685787671232876 0.49315068493150677 0.08604452054794519 0.1461187214611872
35 0.3685787671232877 0.2888127853881279 0.030821917808219156 0.07077625570776253
10 0.3024400684931507 0.2636986301369863 0.024400684931506832 0.025114155251141596
29 0.37885273972602745 0.4246575342465754 0.010273972602739647 0.01826484018264843
29 0.4835188356164384 0.2694063926940639 0.06292808219178085 0.09132420091324203
21 0.3242722602739726 0.038812785388127845 0.03724315068493152 0.07762557077625569
38 0.39811643835616445 0.3036529680365297 0.041095890410958874 0.04109589041095891
38 0.3705051369863014 0.28995433789954334 0.02696917808219176 0.07762557077625569
14 0.375 0.4337899543378995 0.09503424657534247 0.09589041095890409
19 0.4173801369863014 0.867579908675799 0.09503424657534247 0.13698630136986295
5 0.5586472602739727 0.5742009132420091 0.05136986301369859 0.18036529680365299
34 0.6029537671232877 0.8253424657534247 0.07063356164383564 0.07534246575342465
46 0.7069777397260273 0.4977168949771689 0.0500856164383562 0.09132420091324206
32 0.8007277397260273 0.4383561643835617 0.19392123287671226 0.48401826484018273
32 0.6254280821917808 0.5901826484018265 0.14640410958904104 0.3447488584474886
52 0.5849743150684932 0.07534246575342467 0.06035958904109592 0.15068493150684933
50 0.3229880136986301 0.3470319634703196 0.22988013698630141 0.6940639269406392
50 0.6620291095890412 0.771689497716895 0.3865582191780822 0.45662100456621
13 0.575984589041096 0.3013698630136986 0.34289383561643855 0.5981735159817351
