27 0.9348989725112915 0.6808961629867554 0.12925338745117188 0.25132277607917786
9 0.5095406174659729 0.43998492148614704 0.1685870736837388 0.5795010847430077
5 0.7275636196136475 0.05913366377353668 0.018197694793343544 0.08328031003475189
0 0.7365801411290321 0.8084677419354839 0.24155745967741943 0.2701612903225808
50 0.6719380040322582 0.5302419354838706 0.3322832661290327 0.3346774193548385
0 0.46553679435483875 0.0342741935483871 0.04422883064516121 0.0685483870967742
13 0.3595010080645162 0.24495967741935484 0.16784274193548387 0.4858870967741935
55 0.08732358870967741 0.15624999999999997 0.17464717741935482 0.31249999999999994
22 0.7509368108036248 0.2669113737028296 0.041262995893214624 0.11843087442443434
20 0.6549879167386798 0.26956281118994374 0.019388636624522632 0.06186687469933133
21 0.6902851782858878 0.2744237799163198 0.034302972489540055 0.03977156230671301
5 0.7869797891440836 0.07733359337416418 0.02286864832635999 0.09103268705758755
5 0.8282427850372984 0.08484599958765443 0.015908624922685136 0.07954312461342601
21 0.7496939494815402 0.087939343322621 0.018891492095688703 0.04330681228953195
5 0.6947594790453928 0.050377312255169816 0.020382925682190346 0.09545174953611124
21 0.7146598277273413 0.25517102704551725 0.017286297319757865 0.04973601334105759
21 0.6980558842491529 0.2430402920842837 0.015466687075572735 0.03841399404390629
21 0.6806479569654644 0.2434234148887534 0.017058846039234795 0.04447936152452304
