27 0.4965208747514911 0.6719681908548708 0.18563618290258446 0.25049701789264417
24 0.41376739562624254 0.8071570576540756 0.14537773359840947 0.11928429423459236
4 0.7212972166998012 0.4652087475149106 0.06038767395626238 0.10337972166998015
4 0.7973409542743539 0.279324055666004 0.05815109343936399 0.1013916500994036
4 0.8957504970178928 0.2882703777335984 0.09393638170974143 0.0755467196819086
7 0.4702410536779324 0.26043737574552683 0.045849900596421446 0.09542743538767397
18 0.4618538767395627 0.35288270377733594 0.05367793240556658 0.07355864811133202
42 0.5471804567968022 0.3764762315466528 0.1028827037773359 0.06361829025844926
42 0.5535536779324056 0.5298210735586482 0.0715705765407555 0.05765407554671974
5 0.4445203777335985 0.48409542743538764 0.04808648111332012 0.11332007952286283
13 0.16438866799204774 0.48707753479125254 0.205765407554672 0.9662027833001988
14 0.6402211729622267 0.8459244532803182 0.11071073558648123 0.09741550695825055
34 0.6150596421471173 0.7365805168986083 0.04249502982107352 0.05765407554671967
42 0.39978876739562624 0.27435387673956263 0.0950546719681909 0.24254473161033802
