10 0.3974743150684932 0.1872146118721461 0.1553938356164384 0.2191780821917808
28 0.27547089041095896 0.1415525114155251 0.06035958904109588 0.0958904109589041
16 0.49058219178082196 0.11757990867579911 0.6498287671232876 0.23515981735159822
29 0.5406678082191781 0.8036529680365296 0.05907534246575338 0.06392694063926939
52 0.5875428082191781 0.5331050228310502 0.10145547945205478 0.40410958904109584
21 0.37949486301369867 0.6358447488584476 0.03210616438356169 0.10730593607305941
34 0.37564212328767127 0.9337899543378996 0.037243150684931475 0.031963470319634556
10 0.3762842465753425 0.8755707762557077 0.015410958904109578 0.03424657534246577
35 0.4372859589041096 0.8698630136986302 0.02953767123287669 0.050228310502283054
38 0.4353595890410959 0.8550228310502282 0.041095890410958874 0.08904109589041098
38 0.4661815068493151 0.8630136986301369 0.04109589041095894 0.07305936073059356
46 0.8232020547945206 0.9337899543378996 0.05907534246575338 0.09132420091324192
32 0.8878424657534246 0.7888127853881278 0.2243150684931507 0.4223744292237443
13 0.6235017123287672 0.6575342465753425 0.2196061643835617 0.684931506849315
13 0.08604452054794522 0.10273972602739725 0.1695205479452055 0.2054794520547945
50 0.41609589041095885 0.79337899543379 0.2157534246575342 0.41324200913242004
