27 0.1428931451612903 0.5987903225806452 0.19279233870967744 0.12096774193548392
17 0.7241053427419354 0.873991935483871 0.2302167338709677 0.21975806451612903
19 0.6724963114539164 0.38858565494172853 0.05413125865177463 0.04404710488414174
19 0.7183837435502938 0.4177293370805832 0.0649036484332224 0.056973972621878984
19 0.74880226927472 0.44841073257693 0.06124445865663034 0.04545435550783353
41 0.3986265120967742 0.3850806451612903 0.13949092741935487 0.12903225806451615
45 0.8522555443548387 0.3608870967741935 0.1530997983870968 0.4516129032258064
45 0.9524949596774193 0.375201609826857 0.09501008064516142 0.5689516067504882
13 0.509765625 0.20161290322580644 0.16670866935483872 0.39919354838709675
13 0.7331779233870966 0.22983870967741937 0.16444052419354832 0.45564516129032256
