13 0.17333499005964217 0.493041749502982 0.21471172962226642 0.9662027833001987
27 0.487015407554672 0.676938369781312 0.18004473161033802 0.28031809145129233
5 0.44284294234592453 0.48707753479125243 0.04249502982107352 0.15109343936381706
7 0.4652087475149106 0.2604373757455269 0.058151093439363845 0.11530815109343936
18 0.4708001988071571 0.36381709741550694 0.05367793240556658 0.06759443339960235
7 0.5440858062816425 0.36601323308204464 0.09281809145129216 0.05367793240556669
4 0.7984592445328034 0.2813121272365805 0.05591451292246518 0.13320079522862827
4 0.8963096421471175 0.29025844930417494 0.09505467196819083 0.0715705765407555
4 0.7190606361829026 0.4731610337972167 0.06486083499005957 0.09145129224652081
14 0.6429304690046673 0.8729335983012015 0.12413021868787272 0.09145129224652104
24 0.6698558648111334 0.7335984095427435 0.07604373757455264 0.07952286282306162
42 0.588220675944334 0.6123260437375745 0.07380715705765419 0.22664015904572574
34 0.6100273359840955 0.7544731610337972 0.04137673956262418 0.049701789264413494
