21 0.5160190463066101 0.721969485282898 0.0764087662100792 0.2805429995059967
6 0.42122408747673035 0.6961926221847534 0.1084703728556633 0.11624111235141754
12 0.8586046099662781 0.6216391324996948 0.04401664808392525 0.10085003077983856
5 0.8279440402984619 0.5667872428894043 0.06578464806079865 0.23259803652763367
44 0.6092029809951782 0.6189179420471191 0.15546700358390808 0.18089887499809265
21 0.720820064589138 0.46466985659042315 0.042038727551698685 0.12832269072532654
21 0.7727272727272728 0.6184926184926185 0.046620046620046623 0.11810411810411807
21 0.717948717948718 0.5708365708365708 0.04428904428904417 0.09738409738409742
44 0.17715617715617715 0.6153846153846156 0.21678321678321677 0.2072002072002074
43 0.7191142191142191 0.754208754208754 0.17482517482517465 0.15747215747215745
