27 0.8126891851425171 0.48261526226997375 0.14640960097312927 0.22129538655281067
6 0.15956680476665497 0.4999259114265442 0.08236435800790787 0.10870327055454254
5 0.35327398777008057 0.11010155081748962 0.021589724346995354 0.11509835720062256
5 0.2740718722343445 0.10713926702737808 0.03323860093951225 0.14485901594161987
22 0.429117361617457 0.11882676940622293 0.04442035188618206 0.1378241526028291
20 0.38281124007572953 0.1452741067975766 0.020533936249272883 0.06555959691377816
20 0.40187846659291165 0.15086157244363718 0.017600516785090742 0.06481460149430338
21 0.30821857370081995 0.10169187475830363 0.02137205609618192 0.06183461981640439
21 0.3306382796056383 0.102064372468041 0.01927675647890922 0.06406960607482866
7 0.46431839518763907 0.1314916915372937 0.034362913723272964 0.049914693104808394
50 0.19619455645161288 0.6360887096774194 0.3855846774193548 0.6955645161290324
