13 0.1425820079522863 0.48906560636182905 0.282927435387674 0.9622266401590457
4 0.716824055666004 0.4880715705765408 0.07380715705765412 0.14512922465208752
4 0.7979000994035786 0.28926441351888665 0.0771620278330019 0.10536779324055665
4 0.8929547713717695 0.2932405566600398 0.0972912524850895 0.06560636182902588
27 0.48589711729622265 0.7634194831013917 0.20017395626242546 0.11530815109343948
24 0.6631461232604374 0.7236580516898607 0.06262425447316104 0.07952286282306162
34 0.6077907554671969 0.7385685884691848 0.030193836978131192 0.06560636182902585
7 0.4987574552683897 0.5298210735586482 0.07380715705765412 0.06560636182902577
5 0.44563866799204777 0.49801192842942343 0.02572067594433392 0.14512922465208747
18 0.63771011627122 0.8852859651173932 0.13047973692752093 0.09009214107142008
18 0.4881336978131213 0.35785288270377735 0.05703280318091451 0.07952286282306162
42 0.5598043482996372 0.382306945435918 0.10176441351888664 0.05566600397614321
42 0.4417246520874752 0.2614314115308151 0.05367793240556665 0.24453280318091453
