2 0.5034246575342454 0.4931506849315061 0.1977739726027396 0.1552511415525108
2 0.6485445205479452 0.386986301369863 0.07962328767123289 0.093607305936073
16 0.739083904109589 0.4383561643835617 0.10145547945205478 0.2831050228310503
5 0.8315496575342466 0.7534246575342466 0.07577054794520535 0.4337899543378996
41 0.4578339041095891 0.2545662100456621 0.20676369863013705 0.12100456621004568
41 0.46939212328767127 0.3470319634703196 0.2119006849315069 0.10045662100456625
41 0.2735445205479451 0.4006849315068496 0.2003424657534247 0.17123287671232856
14 0.3615154109589041 0.70662100456621 0.22474315068493148 0.16666666666666657
30 0.017337328767123288 0.5502283105022832 0.03210616438356165 0.07762557077625573
50 0.8448202054794521 0.5011415525114156 0.3103595890410957 0.9977168949771689
