9 0.9125515222549438 0.37665244936943054 0.1740364134311676 0.5963616967201233
4 0.767085075378418 0.2569287419319153 0.09061050415039062 0.08188603818416595
45 0.6282051282051282 0.21652421652421647 0.1585081585081585 0.4289044289044288
45 0.7972027972027971 0.31183631183631183 0.2331002331002334 0.6112406112406112
41 0.12587412587412586 0.2911162911162911 0.2144522144522144 0.20927220927220921
50 0.23135198135198146 0.733100233100233 0.46270396270396286 0.5337995337995337
19 0.4311399010289103 0.23463021400888764 0.07794220181741622 0.05803724160924535
19 0.47296752242307266 0.26219790377327895 0.05468196357871257 0.05223351744832124
19 0.538055382055942 0.30137304185951996 0.05753848406416593 0.04788072432762739
19 0.5117345861542487 0.27561901589541704 0.05468196357871146 0.04715525880751196
