49 0.04430650684931507 0.6235159782514179 0.08861301369863014 0.15479452751542871
1 0.3717893835616438 0.6792237442922374 0.06549657534246571 0.13926940639269403
34 0.5477311643835617 0.5251141552511416 0.02183219178082183 0.03652968036529678
35 0.534888698630137 0.4623287671232877 0.02953767123287676 0.04337899543378995
38 0.5329623287671234 0.45205479452054786 0.038527397260274016 0.07305936073059364
38 0.5644263698630138 0.4554794520547945 0.047517123287671194 0.05707762557077622
51 0.4571917808219179 0.45433789954337894 0.04366438356164387 0.17808219178082196
27 0.4764554794520548 0.523972602739726 0.10273972602739719 0.09817351598173517
29 0.5496575342465754 0.5878995433789954 0.015410958904109578 0.011415525114155188
29 0.6536815068493153 0.4018264840182648 0.07705479452054803 0.06392694063926939
0 0.6639554794520548 0.5262557077625571 0.10273972602739719 0.21689497716894984
14 0.5547945205479452 0.6278538812785388 0.1001712328767124 0.0867579908675799
39 0.739083904109589 0.7625570776255708 0.04238013698630141 0.10958904109589042
46 0.929152397260274 0.6015981735159817 0.06292808219178085 0.11187214611872136
21 0.4430650684931507 0.2123287671232877 0.03595890410958901 0.09589041095890412
50 0.5117722602739725 0.5228310502283106 0.21190068493150682 0.6940639269406392
32 0.9488441780821918 0.45228310153908924 0.10231164383561647 0.5027397190599137
32 0.8392551369863014 0.7226027397260275 0.11429794520547944 0.408675799086758
50 0.799443493150685 0.8527397260273972 0.2940924657534248 0.2945205479452055
52 0.7525684931506851 0.1415525114155251 0.08219178082191789 0.2831050228310502
13 0.7699058219178083 0.3732876712328767 0.34803082191780826 0.7374429223744292
