27 0.26521210013908203 0.40890125173852576 0.16272600834492348 0.1585535465924896
4 0.28125000000000006 0.09944367176634214 0.12908553546592494 0.1349095966620306
21 0.16037899860917942 0.10431154381084841 0.054763560500695405 0.1168289290681502
4 0.31097878998609185 0.5931849791376912 0.10718011126564679 0.09874826147426972
0 0.42050591098748263 0.40333796940194716 0.07588664812239215 0.2837273991655077
34 0.34735744089012516 0.4339360222531293 0.01877607788595277 0.03059805285118216
4 0.31215229485396384 0.26842837273991654 0.09231571627260081 0.08623087621696801
32 0.7604311543810849 0.09109874826147425 0.23783031988873432 0.1821974965229485
32 0.6915855354659248 0.2941585535465925 0.15803198887343534 0.21835883171070933
34 0.7889864394993046 0.5048678720445062 0.038334492350486755 0.04172461752433932
24 0.6301721140472879 0.5236439499304589 0.10561543810848391 0.07371349095966628
10 0.6000521557719055 0.4290681502086231 0.0359874826147427 0.05702364394993047
39 0.6059196801112656 0.4624478442280946 0.05711057023643946 0.037552155771905474
13 0.42832927677329624 0.33379694019471495 0.17133171070931857 0.6648122392211405
50 0.26990611961057026 0.45132127955493745 0.31449930458970793 0.7885952712100139
50 0.7494784422809458 0.7176634214186369 0.3379694019471487 0.564673157162726
