6 0.047193996608257294 0.760265588760376 0.09382683783769608 0.16304627060890198
21 0.5974953770637512 0.6638582348823547 0.08668282628059387 0.12251784652471542
21 0.9178321678321679 0.5801605801605801 0.05710955710955716 0.1616161616161616
5 0.9522144522144519 0.716912716912716 0.09557109557109486 0.27764827764827743
12 0.8904428904428906 0.8029008029008028 0.08158508158508156 0.13468013468013468
6 0.5844988344988344 0.7303807303807304 0.11072261072261078 0.13053613053613047
44 0.049533799533799536 0.5990157958541747 0.09906759906759907 0.13633774266098483
44 0.770979020979021 0.5811965811965812 0.1829836829836829 0.2258482258482259
44 0.7511655011655012 0.7324527324527323 0.11538461538461547 0.15125615125615113
43 0.7861305361305361 0.9071484071484072 0.22027972027972026 0.1857031857031856
18 0.04370629370629369 0.7562807562807563 0.0664335664335664 0.08288008288008285
