0 0.5766267123287669 0.567351598173516 0.18236301369862942 0.2534246575342462
5 0.8366866438356165 0.7545662100456622 0.08861301369863014 0.42694063926940634
14 0.3595890410958904 0.699771689497717 0.22859589041095887 0.17579908675799097
16 0.7365154109589043 0.4406392694063927 0.12970890410958916 0.29680365296803657
30 0.02247431506849315 0.5422374429223744 0.0449486301369863 0.10730593607305941
39 0.7666952054794521 0.8413242009132421 0.08732876712328774 0.08447488584474883
41 0.27803938356164365 0.4166666666666665 0.2119006849315067 0.16210045662100486
41 0.4539811643835617 0.2614155251141553 0.22217465753424662 0.1118721461187215
41 0.46232876712328774 0.3470319634703196 0.21832191780821922 0.10045662100456625
50 0.8435359589041096 0.5034246575342466 0.31292808219178087 0.9931506849315069
