28 0.8617294520547947 0.06506849315068493 0.06164383561643845 0.08447488584474887
46 0.65625 0.6666666666666667 0.056506849315068594 0.0867579908675799
21 0.21896404109589043 0.3915525114155251 0.04751712328767127 0.1164383561643836
35 0.2966609589041096 0.6381278538812785 0.03852739726027398 0.0662100456621004
1 0.1290667808219178 0.9155251141552512 0.08861301369863014 0.15981735159817348
29 0.32491438356164387 0.7522831050228311 0.015410958904109578 0.020547945205479437
14 0.32234589041095885 0.7648401826484019 0.09503424657534247 0.10045662100456611
38 0.29730308219178087 0.617579908675799 0.026969178082191726 0.08904109589041098
38 0.3306934931506849 0.6118721461187214 0.03724315068493152 0.07305936073059356
10 0.22731164383561644 0.632420091324201 0.023116438356164365 0.05022831050228298
29 0.4083904109589041 0.5525114155251142 0.07448630136986303 0.06849315068493154
50 0.2587756849315068 0.66324200913242 0.2504280821917808 0.6735159817351598
50 0.6074486301369864 0.9052511415525114 0.3210616438356164 0.18949771689497724
13 0.49379280821917787 0.4863013698630136 0.224743150684931 0.8401826484018262
52 0.4758133561643836 0.3162100456621005 0.06292808219178085 0.1849315068493151
