38 0.5075123834937689 0.3289299867899604 0.1315772846094957 0.08190224570673706
1 0.7671425611607202 0.5772787318361955 0.1809187663380564 0.1638044914134742
16 0.09868296345712174 0.9346103038309116 0.19736592691424348 0.130779392338177
21 0.3254188199716991 0.6988110964332893 0.21851227622648384 0.1400264200792602
4 0.07518701977685466 0.14597093791281374 0.1456748508176559 0.12021136063408187
4 0.10338215219317518 0.2833553500660502 0.20676430438635035 0.09114927344782035
4 0.34891476365196616 0.28335535006605017 0.25140659737885773 0.08322324966974896
14 0.5357075159100895 0.4385733157199472 0.38063428762032664 0.06076618229854695
9 0.8940206570341624 0.727212681638045 0.1715203888659498 0.41875825627476876
50 0.3641871270441397 0.5310435931307793 0.7095774991440658 0.5865257595772786
