21 0.11605815589427948 0.5123323798179626 0.11721315234899521 0.38479089736938477
21 0.3602723479270935 0.4663800299167633 0.13512417674064636 0.45245489478111267
21 0.05855562537908554 0.5117540955543518 0.04852714389562607 0.35586002469062805
21 0.4841441214084625 0.5207710862159729 0.08994980156421661 0.3237692713737488
44 0.7334749698638916 0.548363983631134 0.17042000591754913 0.26277226209640503
21 0.18674643337726593 0.5518423318862915 0.0436641201376915 0.2799193263053894
21 0.2433544099330902 0.5453673005104065 0.08643932640552521 0.3189193606376648
5 0.47494172494172493 0.48588448588448585 0.0944055944055944 0.43304843304843293
5 0.3141025641025641 0.3708883708883708 0.08508158508158509 0.23206423206423202
44 0.5926573426573427 0.5635845635845635 0.11771561771561771 0.2154882154882155
