4 0.44113869863013705 0.4897260273972603 0.11172945205479451 0.10273972602739732
52 0.7435787671232877 0.07420091324200917 0.17208904109589043 0.14840182648401834
29 0.5875428082191781 0.5376712328767124 0.02183219178082183 0.03424657534246577
10 0.44178082191780826 0.3835616438356165 0.020547945205479437 0.031963470319634764
35 0.5284674657534246 0.37671232876712324 0.044948630136986266 0.06849315068493148
38 0.5258989726027398 0.3584474885844749 0.060359589041095986 0.1050228310502283
38 0.5747003424657534 0.36529680365296807 0.05779109589041099 0.11415525114155248
1 0.328125 0.7853881278538813 0.11172945205479447 0.23287671232876705
50 0.4944349315068493 0.502283105022831 0.34417808219178087 0.9954337899543378
13 0.7878852739726028 0.3961187214611872 0.2838184931506849 0.7922374429223744
29 0.6870719178082192 0.25799086757990863 0.09246575342465761 0.1050228310502283
