27 0.08969726413488388 0.7537153363227844 0.17843905091285706 0.4323737323284149
39 0.6013986013986014 0.7397047397047397 0.06293706293706308 0.12432012432012442
41 0.2966200466200466 0.4289044289044288 0.24825174825174826 0.24864024864024864
45 0.805944055944056 0.3232323232323232 0.19696969696969702 0.5097125097125097
50 0.40909090909090895 0.7683242683242681 0.8181818181818179 0.4633514633514632
19 0.5399365316691649 0.3406980378962822 0.07316362697319356 0.06868312616478739
19 0.6345904649150126 0.38019083544103494 0.05384649773934697 0.05752211816300942
19 0.5891952112154728 0.3692444622085221 0.042739148429885215 0.06997093478037746
19 0.6741991940301176 0.4049113409168139 0.05450454706121395 0.062205463861357925
45 0.9358974358974359 0.33483553167391056 0.12820512820512817 0.6572390509158087
