21 0.5160190463066101 0.721969485282898 0.0764087662100792 0.2805429995059967
6 0.42122408747673035 0.6961926221847534 0.1084703728556633 0.11624111235141754
12 0.8586046099662781 0.6216391324996948 0.04401664808392525 0.10085003077983856
5 0.8279440402984619 0.5667872428894043 0.06578464806079865 0.23259803652763367
44 0.6092029809951782 0.6189179420471191 0.15546700358390808 0.18089887499809265
21 0.7266475704166439 0.45845385037441694 0.042038727551698685 0.12832269072532654
44 0.175990675990676 0.6164206164206164 0.2191142191142191 0.22170422170422185
21 0.7773892773892774 0.6164206164206163 0.046620046620046623 0.12639212639212638
21 0.7150349650349651 0.5594405594405594 0.04778554778554778 0.09945609945609946
43 0.722027972027972 0.7573167573167574 0.16899766899766902 0.1429681429681429
