9 0.949205756187439 0.7265255451202393 0.10072632133960724 0.339341402053833
4 0.8436835505467741 0.5178780930550474 0.10195608041086379 0.1055819542798257
45 0.8717948717948717 0.47365967049804936 0.2564102564102564 0.7193991130758708
45 0.709207459207459 0.39264439264439277 0.18531468531468456 0.48692048692048717
17 0.8344988344988348 0.928904428904429 0.20979020979021004 0.14219114219114168
41 0.19318354229596824 0.3978464639038388 0.18206645425580315 0.1986179500972397
39 0.13856625850253526 0.5283722194195927 0.06896456600598613 0.05281388986441321
19 0.531167589187805 0.4027387502102852 0.05869992645935092 0.04687623360746741
19 0.5900244673221811 0.49788634342544236 0.05650260300900094 0.07645290481217906
19 0.5468627566903049 0.44821985781753054 0.0681170269608509 0.050782586408089546
