27 0.48589711729622276 0.6709741550695825 0.1845178926441352 0.2365805168986084
24 0.4154448310139165 0.7992047713717693 0.13531312127236583 0.1351888667992047
34 0.625124254473161 0.7246520874751491 0.05367793240556665 0.0854870775347912
14 0.6566530746317929 0.9038915297144468 0.13866799204771368 0.10852531867617893
4 0.7218563618290258 0.4701789264413519 0.06597912524850884 0.10536779324055665
4 0.7951043737574554 0.2803180914512922 0.0827534791252485 0.10735586481113316
4 0.8951913518886682 0.2842942345924453 0.09058151093439377 0.08349900596421474
18 0.461294731610338 0.34095427435387676 0.05703280318091451 0.08151093439363813
5 0.49652087475149104 0.30019880715705766 0.03354870775347912 0.16302186878727631
5 0.4461978131212724 0.49204771371769385 0.03131212723658052 0.12524850894632208
13 0.21862574552683903 0.5457256461232599 0.15991550695825066 0.840954274353876
7 0.5653607397283311 0.3767431114079162 0.10064612326043744 0.06361829025844944
7 0.5205641153081512 0.4970178926441352 0.05032306163021872 0.10337972166998015
42 0.41264910536779326 0.24751491053677932 0.07157057654075544 0.25646123260437376
43 0.5658548707753479 0.5238568588469186 0.04920477137176938 0.05765407554671974
