1 0.04430650684931507 0.44178082191780826 0.08347602739726029 0.1621004566210047
24 0.3505993150684932 0.6381278538812787 0.06678082191780817 0.15296803652968044
34 0.4815924657534246 0.8196347031963469 0.05907534246575345 0.0684931506849317
46 0.584332191780822 0.4646118721461187 0.04623287671232873 0.0844748858447489
35 0.2407962328767123 0.22716894977168947 0.03467465753424655 0.06621004566210047
10 0.1752996575342466 0.20776255707762556 0.019263698630136973 0.031963470319634694
29 0.2555650684931507 0.3812785388127854 0.020547945205479437 0.03652968036529686
29 0.3621575342465754 0.22945205479452058 0.06421232876712324 0.08904109589041095
28 0.8886986301369864 0.0273972602739726 0.06934931506849323 0.0547945205479452
14 0.24785958904109592 0.38926940639269403 0.10017123287671233 0.09360730593607308
52 0.47260273972602745 0.06963470319634703 0.06934931506849316 0.12557077625570776
32 0.6729452054794521 0.40525114155251146 0.2054794520547945 0.4634703196347032
32 0.5175513698630138 0.5559360730593608 0.12842465753424648 0.3447488584474886
50 0.1952054794520548 0.32305936073059366 0.24914383561643835 0.636986301369863
50 0.4944349315068493 0.7625570776255708 0.4006849315068493 0.4748858447488584
13 0.4398544520547945 0.2831050228310502 0.3428938356164383 0.5570776255707763
