1 0.1894263698630137 0.4897260273972603 0.08604452054794522 0.16666666666666663
34 0.6029537671232876 0.8310502283105023 0.05779109589041099 0.08219178082191789
46 0.705693493150685 0.49885844748858443 0.03724315068493155 0.08904109589041098
29 0.47773972602739734 0.2773972602739726 0.06421232876712331 0.07534246575342468
35 0.36922089041095885 0.2865296803652968 0.02953767123287669 0.07534246575342465
38 0.3705051369863014 0.28082191780821913 0.02953767123287676 0.09589041095890409
38 0.3981164383561644 0.3036529680365297 0.0436643835616438 0.06849315068493154
10 0.3095034246575343 0.26712328767123283 0.015410958904109612 0.031963470319634694
29 0.37885273972602745 0.4223744292237443 0.010273972602739647 0.022831050228310515
14 0.37628424657534254 0.4360730593607306 0.0898972602739726 0.09589041095890416
5 0.5586472602739726 0.5901826484018265 0.05136986301369873 0.18949771689497724
32 0.8097174657534247 0.4155251141552512 0.20676369863013705 0.4748858447488585
32 0.620291095890411 0.5878995433789954 0.13613013698630133 0.38127853881278545
52 0.5856164383561644 0.08219178082191778 0.06934931506849316 0.16438356164383555
21 0.32619863013698636 0.03995433789954338 0.035958904109589046 0.07990867579908675
50 0.3210616438356165 0.35388127853881274 0.2285958904109589 0.6986301369863013
50 0.6299229452054794 0.7876712328767124 0.3865582191780822 0.4246575342465754
13 0.5612157534246576 0.3105022831050228 0.3339041095890412 0.6164383561643835
