1 0.3782106164383562 0.6815068493150684 0.07320205479452056 0.14383561643835618
51 0.479666095890411 0.1678082191780822 0.055222602739726054 0.23059360730593603
21 0.4347174657534246 0.20776255707762556 0.03724315068493162 0.11415525114155249
29 0.5554366438356165 0.58675799086758 0.014126712328767041 0.022831050228310515
29 0.6491866438356165 0.410958904109589 0.06549657534246571 0.04566210045662103
27 0.4822345890410959 0.5296803652968036 0.10659246575342465 0.08219178082191782
34 0.5502996575342466 0.5296803652968037 0.02696917808219176 0.04566210045662103
39 0.7377996575342466 0.7773972602739727 0.04238013698630141 0.09817351598173517
49 0.046232876712328765 0.6228310501194436 0.09246575342465753 0.1607305938250397
35 0.5393835616438356 0.4646118721461187 0.038527397260274016 0.047945205479452045
38 0.5329623287671232 0.4509132420091324 0.04109589041095894 0.07077625570776264
38 0.5657106164383562 0.4554794520547945 0.04238013698630134 0.06621004566210047
46 0.9285102739726028 0.610730593607306 0.05136986301369859 0.08447488584474883
32 0.8437499999999994 0.7317351598173514 0.14640410958904204 0.4041095890410966
0 0.6594606164383562 0.5388127853881278 0.09631849315068494 0.2328767123287672
13 0.771832191780822 0.3755707762557078 0.375 0.7511415525114156
50 0.501498287671233 0.5079908675799087 0.20419520547945205 0.678082191780822
50 0.8274828767123288 0.8226027396171599 0.3450342465753424 0.35479452076567985
