21 0.03724315068493151 0.14840182648401826 0.05393835616438356 0.136986301369863
52 0.3184931506849315 0.15296803652968033 0.06678082191780824 0.30593607305936066
25 0.622859589041096 0.8082191780821918 0.03595890410958901 0.05479452054794521
14 0.631207191780822 0.8207762557077626 0.13998287671232873 0.20319634703196343
24 0.5066352739726028 0.732876712328767 0.12457191780821923 0.11415525114155244
5 0.4790239726027397 0.562785388127854 0.048801369863013734 0.21232876712328774
32 0.6389126712328768 0.2762557077625571 0.22988013698630147 0.24657534246575344
32 0.548373287671233 0.4977168949771689 0.19006849315068486 0.2557077625570776
9 0.14319349315068494 0.6506849315068493 0.2555650684931507 0.6712328767123288
50 0.11815068493150685 0.48082191432447735 0.2363013698630137 0.5917808149503245
13 0.3133561643835617 0.48630136986301375 0.22089041095890416 0.949771689497717
