5 0.342558890581131 0.7346667051315308 0.08877410739660263 0.3607988655567169
6 0.6816298365592957 0.7715684771537781 0.11803951114416122 0.13126932084560394
21 0.6090957522392273 0.6973700523376465 0.07184867560863495 0.10136498510837555
44 0.14125880599021912 0.6381241679191589 0.16611948609352112 0.14782431721687317
6 0.16846100986003865 0.7429730471815046 0.10928752273321146 0.07739608523157783
6 0.1585081585081585 0.7925407925407926 0.09324009324009323 0.06837606837606841
18 0.18356643356643357 0.7365967365967364 0.057109557109556966 0.05180005180005206
44 0.8805361305361304 0.6257446257446257 0.19930069930069919 0.21963221963221963
44 0.8566433566433561 0.770784770784771 0.1375291375291373 0.1740481740481744
43 0.8828671328671325 0.9257964257964258 0.23426573426573416 0.14840714840714825
55 0.45745920745920743 0.33566433566433573 0.4883449883449884 0.6671846671846673
