5 0.6396079881656804 0.7583826429980276 0.08099112426035497 0.388560157790927
43 0.34670857988165693 0.740631163708087 0.17418639053254437 0.1676528599605524
6 0.5469674556213018 0.703155818540434 0.11094674556213015 0.12820512820512825
44 0.4264545172647754 0.48564913628197076 0.15429439345596835 0.18046127889587005
44 0.43892568064561516 0.62022168997289 0.10963022692924 0.10930797464549835
5 0.3012315767891432 0.5251828616872662 0.055738747113035315 0.23523366897559256
21 0.3521234763271319 0.5497402227341689 0.04022883487288638 0.10339941493432633
21 0.1793333602767224 0.5475860682563704 0.0474991062354562 0.1438975191169375
21 0.1434666882213779 0.5661117967654371 0.0494378452654748 0.16371574031268338
12 0.24454971326959155 0.6460085268759644 0.06911531910591115 0.10158682073309777
