27 0.12922769024146893 0.33619550858652575 0.25845538048293787 0.39233817701453105
32 0.4793172510774484 0.2628797886393659 0.5451058933821962 0.23778071334214
17 0.7925244988193252 0.5435931307793923 0.4149510023613496 0.10700132100396303
34 0.9280897753705497 0.44121532364597094 0.13627647334554893 0.042272126816380505
24 0.6061953469508907 0.40356671070013206 0.4981140060216621 0.07265521796565387
17 0.33951638617985935 0.8375165125495377 0.3406911833638726 0.2747688243064731
9 0.6261668990791177 0.8249669749009249 0.7307238484563062 0.3394980184940555
50 0.5011747971840134 0.6638044914134743 0.9976504056319733 0.6301188903566711
0 0.8599515386977753 0.08718626155878467 0.249057003010831 0.17437252311756934
4 0.10573174656120185 0.021796565389696168 0.2114634931224037 0.043593130779392336
