1 0.12585616438356165 0.9178082191780823 0.0898972602739726 0.16438356164383564
5 0.5310359589041096 0.8321917808219177 0.03724315068493155 0.19863013698630128
46 0.6568921232876712 0.6678082191780823 0.05779109589041099 0.09360730593607322
32 0.7320205479452055 0.5582191780821918 0.20034246575342457 0.42694063926940634
32 0.5894691780821918 0.7945205479452055 0.16695205479452058 0.35159817351598177
35 0.29730308219178087 0.6312785388127854 0.02953767123287669 0.057077625570776364
38 0.32491438356164387 0.617579908675799 0.03852739726027398 0.07077625570776255
38 0.2928082191780822 0.6232876712328766 0.03339041095890408 0.07762557077625573
10 0.2305222602739726 0.634703196347032 0.021832191780821936 0.05022831050228319
21 0.2144691780821918 0.38926940639269403 0.05136986301369859 0.11643835616438353
29 0.32234589041095896 0.7545662100456622 0.010273972602739719 0.029680365296803755
29 0.40582191780821913 0.5593607305936072 0.06678082191780824 0.0684931506849314
14 0.3255565068493151 0.7785388127853881 0.10659246575342461 0.09589041095890423
50 0.25428082191780826 0.6712328767123288 0.2542808219178083 0.6575342465753425
50 0.6530393835616438 0.9063926940639269 0.3865582191780822 0.18721461187214616
52 0.4970034246575343 0.22945205479452058 0.07962328767123296 0.3584474885844749
28 0.8610873287671234 0.07077625570776255 0.052654109589041126 0.0821917808219178
13 0.47452910958904115 0.4794520547945206 0.2196061643835617 0.8584474885844748
