0 0.6540697674418605 0.691860465116279 0.17005813953488363 0.343023255813953
42 0.27716206395348836 0.4578488372093023 0.05069040697674417 0.10174418604651166
10 0.37772529069767447 0.47383720930232565 0.03597383720930228 0.06395348837209305
7 0.42187500000000006 0.4854651162790698 0.06867732558139544 0.058139534883721006
51 0.5036337209302326 0.38808139534883723 0.0654069767441861 0.25290697674418605
27 0.5608648255813954 0.49127906976744184 0.09156976744186046 0.05813953488372093
24 0.5633175872093021 0.5174418604651163 0.09647529069767458 0.03488372093023255
34 0.6369004360465117 0.5159883720930233 0.03760901162790702 0.04941860465116275
9 0.6420348827228992 0.7732558139534881 0.22447674218998345 0.45348837209302284
41 0.036791424418604654 0.7020348837209301 0.07358284883720931 0.18895348837209297
41 0.3760901162790696 0.6104651162790694 0.15370639534883712 0.10465116279069785
41 0.24691133720930236 0.6090116279069767 0.12427325581395351 0.11337209302325575
4 0.6851380813953489 0.5014534883720931 0.06213662790697669 0.06104651162790695
40 0.5101744186046512 0.11482558139534885 0.07194767441860464 0.10755813953488373
