1 0.1303510273972603 0.9178082191780823 0.09118150684931507 0.16438356164383564
5 0.2684075342465754 0.6529680365296804 0.04366438356164384 0.17808219178082196
10 0.23180650684931506 0.636986301369863 0.024400684931506832 0.031963470319634764
28 0.8623715753424658 0.06621004566210045 0.055222602739725915 0.0867579908675799
46 0.6588184931506851 0.66324200913242 0.05136986301369873 0.09360730593607308
35 0.2947345890410959 0.6198630136986302 0.03467465753424658 0.0662100456621004
38 0.32748287671232873 0.6289954337899544 0.04109589041095894 0.06164383561643845
38 0.29794520547945214 0.615296803652968 0.03082191780821919 0.07534246575342465
29 0.32427226027397266 0.7511415525114156 0.0218321917808219 0.027397260273972678
29 0.4032534246575342 0.5593607305936072 0.06164383561643838 0.0867579908675799
21 0.2228167808219178 0.39497716894977175 0.04751712328767127 0.12785388127853886
32 0.733304794520548 0.5730593607305936 0.20547945205479443 0.4657534246575342
32 0.595890410958904 0.8127853881278538 0.15154109589041098 0.3744292237442922
52 0.49058219178082196 0.2226027397260274 0.07962328767123289 0.3493150684931507
50 0.25363869863013705 0.6666666666666665 0.27868150684931514 0.6666666666666667
50 0.65625 0.9155251141552512 0.44691780821917815 0.1689497716894978
13 0.4790239726027397 0.48401826484018273 0.2337328767123288 0.8675799086757991
