5 0.550979879302263 0.31704095112285335 0.17152038886594967 0.2985468956406869
27 0.1914919409941767 0.2912813738441215 0.3829838819883534 0.28401585204755614
32 0.4781424538934351 0.26750330250990756 0.5521546764862765 0.18626155878467635
24 0.603845752582864 0.3963011889035667 0.5028131947577156 0.04755614266842798
34 0.9175166007144295 0.4319682959048878 0.12452850150541565 0.06605019815059443
14 0.7925244988193252 0.5383091149273447 0.4149510023613496 0.08850726552179644
17 0.3430407777318994 0.8540290620871863 0.29134970163531176 0.23381770145310427
50 0.6226425075270776 0.8513870541611623 0.7001791216719591 0.2919418758256275
0 0.8423295809375747 0.07463672391017173 0.2796017297951782 0.14927344782034346
50 0.5035243915520401 0.6387054161162483 0.9929512168959199 0.6776750330250991
4 0.10338215219317518 0.019154557463672388 0.20676430438635035 0.038309114927344776
