27 0.4752733598409543 0.6739562624254473 0.1744532803180914 0.27037773359840955
5 0.44843439363817095 0.48409542743538764 0.03131212723658045 0.14910536779324055
18 0.472477634194831 0.34592445328031807 0.059269383697813115 0.11530815109343934
7 0.5434169722019286 0.37351983669939137 0.08163518886679923 0.07753479125248519
4 0.7257703777335984 0.4681908548707754 0.07604373757455264 0.10934393638170974
4 0.7979000994035786 0.29721669980119286 0.06597912524850898 0.1013916500994036
4 0.9046968190854873 0.2992047713717694 0.1207753479125249 0.08548707753479125
24 0.665382703777336 0.7286282306163022 0.06709741550695825 0.07753479125248504
34 0.6128230616302187 0.7405566600397614 0.03354870775347905 0.05367793240556665
42 0.5915755467196819 0.621272365805169 0.08051689860834997 0.22067594433399607
43 0.5468439363817097 0.5308151093439364 0.06709741550695825 0.06759443339960235
13 0.18899105367793242 0.4940357852882704 0.22813121272365808 0.9363817097415508
