5 0.26534542441368103 0.07826422154903412 0.041011907160282135 0.15635980665683746
27 0.8030538558959961 0.5761381387710571 0.22782859206199646 0.11544155329465866
0 0.16258741258741247 0.39678839678839667 0.2226107226107224 0.2714322714322713
50 0.21270396270396297 0.6039886039886038 0.3927738927738933 0.6899766899766899
2 0.8205128205128205 0.289044289044289 0.1515151515151514 0.15125615125615127
20 0.32482718663174515 0.12224094013947305 0.023668312593770367 0.0747229485719034
7 0.35216816842110066 0.09938877625583269 0.044888179057150736 0.049331655367858544
22 0.22280859786549356 0.09195275467464815 0.0530496661584508 0.14429509195098633
20 0.1686979383838737 0.12731919878028206 0.026524833079225426 0.05658631056901425
36 0.16597341120564515 0.08656149485740723 0.06182542735558002 0.025944862218841413
