30 0.16823630136986303 0.38926940639269403 0.09246575342465756 0.1255707762557077
51 0.12071917808219179 0.4132420091324201 0.06678082191780822 0.1506849315068493
51 0.020547945205479454 0.44132420080437507 0.04109589041095891 0.15662100434847617
10 0.06934931506849315 0.2819634703196347 0.05136986301369863 0.08904109589041098
10 0.08090753424657535 0.027397260273972598 0.051369863013698634 0.050228310502283095
5 0.39683219178082196 0.23630136986301367 0.06678082191780824 0.17579908675799086
46 0.37435787671232873 0.2876712328767123 0.03981164383561641 0.09132420091324196
14 0.410958904109589 0.7808219178082192 0.18749999999999992 0.4383561643835616
41 0.47517123287671237 0.3698630136986301 0.2825342465753425 0.21917808219178078
41 0.7763270547945206 0.23173515981735157 0.30436643835616445 0.26712328767123283
41 0.7756849315068493 0.39383561643835613 0.31592465753424653 0.27168949771689493
