21 0.3801369863013699 0.634703196347032 0.03339041095890415 0.08675799086757997
16 0.49058219178082196 0.0958904109589041 0.6292808219178082 0.1917808219178082
28 0.2818921232876712 0.14383561643835616 0.055222602739726054 0.1050228310502283
52 0.5862585616438354 0.5331050228310501 0.12200342465753429 0.3995433789954337
13 0.626070205479452 0.6484018264840182 0.2119006849315069 0.6986301369863014
35 0.4398544520547945 0.865296803652968 0.03210616438356162 0.06849315068493154
38 0.4398544520547945 0.8561643835616438 0.03981164383561648 0.0867579908675799
38 0.4713184931506849 0.8710045662100456 0.038527397260274016 0.0753424657534245
10 0.3762842465753425 0.8641552511415526 0.020547945205479437 0.020547945205479295
34 0.3782106164383562 0.9315068493150684 0.03210616438356162 0.04566210045662103
32 0.8904109589041096 0.7842465753424658 0.21917808219178084 0.43150684931506844
13 0.09310787671232877 0.10730593607305935 0.1836472602739726 0.21004566210045664
29 0.5438784246575342 0.812785388127854 0.06035958904109585 0.08219178082191789
50 0.4173801369863014 0.7990867579908675 0.21575342465753425 0.4018264840182648
46 0.8309075342465754 0.932648401826484 0.07191780821917818 0.06621004566210054
