5 0.21301775147928992 0.6351084812623274 0.07766272189349109 0.2406311637080868
44 0.6368343195266273 0.8254437869822485 0.13979289940828393 0.22287968441814598
44 0.3517011834319527 0.562130177514793 0.16420118343195267 0.17751479289940839
44 0.37499999999999983 0.6962524654832346 0.11316568047337276 0.11834319526627199
43 0.2978920118343195 0.8422090729783036 0.1852810650887574 0.18934911242603547
6 0.4975961538461538 0.7416173570019724 0.10539940828402365 0.11834319526627211
12 0.1680843195266272 0.7751479289940829 0.0765532544378698 0.1104536489151873
21 0.2618343195266272 0.5226824457593687 0.03772189349112427 0.11834319526627218
21 0.26238905325443784 0.6420118343195267 0.047707100591715984 0.10453648915187372
21 0.5869082840236686 0.6942800788954635 0.07322485207100592 0.10650887573964496
