9 0.11297888975762314 0.6113010410560267 0.21657544956997654 0.7773979178879469
9 0.6927286942924158 0.3881623806828928 0.1485535574667709 0.4034662738280964
16 0.3123534010946052 0.30746912591727343 0.04143862392494142 0.38955364369609297
16 0.6168881939014855 0.31999049303607646 0.09538702111024236 0.37007596151128846
23 0.23221266614542613 0.4792901080475145 0.06724003127443315 0.18503798075564418
1 0.4120406567630962 0.8458879120258022 0.1548084440969508 0.3060778629040732
1 0.6329163408913213 0.8187582832683955 0.1415168100078185 0.30190407386447204
13 0.41360437842064113 0.18364671774244384 0.10789679437060208 0.3672934354848877
17 0.42025019546520725 0.3832929601366915 0.09616888193901481 0.03756410135640898
34 0.8498827208756842 0.2559923944288612 0.028146989835809252 0.019477682184804623
1 0.9585613760750588 0.7373693969961762 0.08287724784988271 0.16138650953123856
9 0.2560594214229867 0.4994634217389193 0.19781078967943708 0.6511110901777555
50 0.0668491008600469 0.2546011314156608 0.11806098514464425 0.23373218621765587
50 0.7947615324472244 0.39511869574889436 0.21657544956997654 0.3116429149568744
4 0.8721657544956998 0.08556267531182044 0.07427677873338552 0.07930199175241896
4 0.856137607505864 0.1808641917160432 0.05942142298670831 0.09182335887122196
