6 0.47521036863327026 0.7382044196128845 0.09835758060216904 0.10778062790632248
21 0.3881816864013672 0.722560465335846 0.07203569263219833 0.10291815549135208
12 0.7742197513580322 0.695695161819458 0.04563941806554794 0.10617303103208542
44 0.2995337995337995 0.7521367521367521 0.11655011655011654 0.17819217819217836
44 0.5891608391608392 0.5407925407925408 0.1363636363636364 0.14918414918414924
44 0.5833333333333333 0.6609686609686614 0.09673659673659682 0.1326081326081328
43 0.6590909090909091 0.7728567728567729 0.16433566433566432 0.1408961408961409
5 0.7160554184688701 0.5830387790727501 0.046434441095035056 0.23002729371423125
21 0.6727513891330511 0.6127197201971668 0.03704320581738757 0.10017317629490742
21 0.6597080068029851 0.5028074850958106 0.030782382298956038 0.11408611744697751
55 0.21386946386946368 0.375032375032375 0.42773892773892735 0.75006475006475
