7 0.8278955954323002 0.2900126880551024 0.07014681892332789 0.04640203008881638
10 0.7226753670473082 0.28566249773427577 0.04241435562805841 0.05510241073046961
38 0.638662316476346 0.5379735363422149 0.04404567699836875 0.06670291825267352
4 0.6802610114192496 0.38861700199383725 0.07504078303425771 0.10440456769983683
4 0.8262642740619901 0.39586731919521484 0.06362153344208807 0.11890520210259198
39 0.8066884176182708 0.6278774696392968 0.034257748776508945 0.043501903208265344
14 0.31158238172920055 0.8523654159869491 0.2218597063621533 0.29526916802610104
30 0.20636215334420882 0.47562080841036797 0.1712887438825449 0.5162225847380824
27 0.6851549755301793 0.5974261373935108 0.12071778140293624 0.058002537611020484
14 0.7765089722675367 0.8468370491208991 0.10766721044045681 0.1334058365053471
17 0.47471451876019616 0.9422693492840307 0.21207177814029404 0.11546130143193761
36 0.759380097879282 0.6148268986768167 0.06362153344208853 0.058002537611020484
