21 0.3608732876712329 0.09246575342465753 0.04623287671232873 0.10273972602739725
34 0.622859589041096 0.8938356164383561 0.04623287671232873 0.07534246575342465
35 0.40967465753424664 0.3458904109589041 0.030821917808219225 0.06164383561643838
38 0.4116010273972603 0.3367579908675799 0.03467465753424662 0.08447488584474883
38 0.4443493150684932 0.3618721461187214 0.0436643835616438 0.06164383561643831
1 0.23630136986301373 0.5342465753424658 0.07705479452054792 0.1506849315068493
5 0.5862585616438356 0.6232876712328768 0.05779109589041099 0.1735159817351599
29 0.4154537671232877 0.47602739726027393 0.019263698630137042 0.025114155251141527
29 0.5188356164383562 0.3253424657534246 0.06934931506849316 0.07534246575342465
46 0.7384417808219179 0.545662100456621 0.03595890410958901 0.07762557077625566
32 0.8482448630136977 0.4794520547945207 0.2375856164383549 0.5159817351598176
32 0.6337756849315069 0.639269406392694 0.16053082191780824 0.3698630136986301
50 0.3762842465753423 0.3755707762557073 0.25428082191780854 0.7054794520547936
13 0.6061643835616439 0.3242009132420091 0.3416095890410959 0.6484018264840182
10 0.3518835616438356 0.3299086757990867 0.012842465753424648 0.03424657534246574
50 0.6735873287671232 0.7990867579908675 0.3711472602739726 0.4018264840182648
52 0.6408390410958904 0.09817351598173517 0.11044520547945211 0.18264840182648404
