28 0.8925513698630138 0.07648401826484019 0.07191780821917802 0.14840182648401826
34 0.5496575342465754 0.9577625570776256 0.06164383561643838 0.06621004566210047
10 0.2202482876712329 0.3926940639269407 0.011558219178082182 0.027397260273972605
29 0.3037243150684931 0.5468036529680366 0.014126712328767112 0.025114155251141596
14 0.30115582191780826 0.565068493150685 0.09631849315068493 0.093607305936073
1 0.10209760273972604 0.636986301369863 0.08347602739726029 0.1780821917808219
21 0.23501712328767127 0.1643835616438356 0.05136986301369863 0.12328767123287669
46 0.6337756849315069 0.5810502283105022 0.05779109589041099 0.07534246575342465
32 0.714041095890411 0.4771689497716895 0.19006849315068486 0.5205479452054794
32 0.5721318493150686 0.6689497716894977 0.18621575342465754 0.3972602739726028
29 0.4006849315068493 0.386986301369863 0.07191780821917809 0.08904109589041098
50 0.2594178082191781 0.4589041095890413 0.26712328767123306 0.7214611872146125
50 0.5946061643835612 0.817351598173515 0.377568493150684 0.3652968036529679
13 0.4726027397260272 0.38242009132420096 0.29537671232876694 0.7648401826484019
