27 0.11851058467741934 0.5352822580645161 0.1576360887096774 0.12298387096774192
41 0.3753780241935483 0.4183467741935484 0.1542338709677419 0.14314516129032256
17 0.48538306451612906 0.8689516129032259 0.24042338709677424 0.18951612903225823
13 0.4808467741935483 0.2288306451612903 0.16330645161290328 0.4576612903225806
13 0.6923513104838709 0.25705645161290325 0.14402721774193544 0.5100806451612904
45 0.785912298387097 0.42036290322580633 0.14969758064516137 0.4334677419354838
45 0.913369455645161 0.45060483870967716 0.17326108870967785 0.5705645161290324
19 0.6111567697358861 0.4394867494067819 0.04462414509182651 0.047714061740697034
19 0.6412295631673345 0.46104430742215696 0.05755867990105159 0.05403761209187372
19 0.6751827170415504 0.4831767336512754 0.041390511389520414 0.05231300745064374
