24 0.6089090457256462 0.7743538767395626 0.10400099403578537 0.17693836978131217
31 0.7218563618290258 0.35984095427435386 0.09505467196819083 0.08747514910536779
4 0.6899850894632206 0.07952286282306163 0.14090457256461228 0.15904572564612326
36 0.498198310139165 0.36679920477137173 0.16662524850894633 0.18091451292246524
0 0.21191600397614316 0.8081510934393639 0.22924950298210736 0.3836978131212724
5 0.935449801192843 0.6640159045725647 0.07939860834990058 0.19880715705765403
34 0.8034915506958251 0.8628230616302187 0.12189363817097415 0.13916500994035785
27 0.7716202783300199 0.6113320079522863 0.2124751491053678 0.30019880715705755
38 0.49484343936381714 0.5864811133200796 0.0838717693836979 0.13121272365805176
5 0.8605243538767396 0.28628230616302186 0.04808648111332005 0.2385685884691849
7 0.5283921471172962 0.7475149105367794 0.04361332007952292 0.12723658051689868
7 0.8258573558648112 0.07654075546719681 0.09952783300198803 0.13320079522862824
