0 0.1822813121272366 0.7793240556660039 0.25944333996023855 0.3976143141153081
36 0.43389662027833004 0.6749502982107356 0.18563618290258446 0.0815109343936382
7 0.5194458250497018 0.7524850894632209 0.057032803180914325 0.13320079522862835
24 0.6156187872763419 0.7912524850894633 0.09729125248508944 0.18290258449304175
27 0.7660288270377734 0.6262425447316103 0.21918489065606367 0.3538767395626243
34 0.806846421471173 0.8976143141153081 0.11294731610337977 0.0815109343936382
5 0.9438369781312127 0.6789264413518887 0.0626242544731609 0.1848906560636182
5 0.8717072564612326 0.28528827037773363 0.07716202783300204 0.22465208747514911
4 0.6883076540755468 0.08946322067594434 0.15320576540755476 0.13916500994035785
36 0.5088220675944334 0.3389662027833002 0.18787276341948314 0.16500994035785285
31 0.7380715705765408 0.3429423459244533 0.10288270377733597 0.10139165009940357
38 0.49428429423459247 0.5606361829025844 0.08275347912524858 0.11928429423459257
