6 0.4063284695148468 0.7063301801681519 0.10982809215784073 0.11933118849992752
44 0.5911968350410461 0.61198490858078 0.1535552591085434 0.1788725107908249
44 0.15093240093240096 0.6454286454286453 0.22494172494172496 0.2175602175602176
43 0.7092074592074593 0.7428127428127428 0.1620046620046621 0.15125615125615127
21 0.6958041958041957 0.45066045066045063 0.03729603729603724 0.10981610981610977
21 0.75 0.5988085988085988 0.03846153846153868 0.09945609945609946
21 0.6928904428904429 0.5532245532245532 0.03846153846153854 0.09945609945609946
21 0.7313519813519811 0.5625485625485624 0.033799533799533814 0.11396011396011403
5 0.8024475524475524 0.542864542864543 0.05944055944055953 0.2403522403522404
12 0.8327505827505829 0.6029526029526029 0.043123543123543155 0.09116809116809116
