9 0.45098930597305265 0.5685804851593513 0.2691732347011565 0.7190435394164062
5 0.8293489813804626 0.11548203229904175 0.023563003167510033 0.10501687228679657
17 0.17578125 0.8205645161290324 0.1995967741935484 0.21774193548387089
50 0.6838457661290324 0.43951612903225745 0.3266129032258062 0.4354838709677415
22 0.9019663828073664 0.1343469447064426 0.03802885289674279 0.13868071711632787
20 0.8544303166864375 0.15298216606894913 0.016089130071699032 0.05460553236455407
20 0.8712507708523048 0.1577493157198229 0.013651383091138456 0.06587334063025573
21 0.7986059108316033 0.10834431024713112 0.018526877052259465 0.05893930477443932
21 0.8168890131858066 0.1079109330061426 0.01218873490280231 0.056339041328508206
7 0.9423728007404415 0.15456113831121296 0.036439963236590246 0.04945734556363981
55 0.16160534274193544 0.11995967741935484 0.2733114919354838 0.2399193548387097
13 0.4763104838709677 0.17943548387096775 0.16784274193548385 0.3467741935483871
