21 0.42625394463539124 0.11279553174972534 0.06170225143432617 0.2224574238061905
21 0.16837100684642792 0.1095501109957695 0.08567125350236893 0.2163148671388626
44 0.6414692997932434 0.755261242389679 0.1274503767490387 0.14352212846279144
21 0.22966161370277405 0.12233877927064896 0.043833352625370026 0.19080327451229095
22 0.3723776223776224 0.7573167573167572 0.07808857808857816 0.20512820512820512
44 0.19289044289044288 0.7573167573167575 0.1456876456876457 0.21756021756021782
44 0.30587853960635025 0.7430003264726178 0.07172314864622549 0.14712440747943717
6 0.5396684183666431 0.7289009040891719 0.06344740072550721 0.06743202009474203
21 0.3455710955710958 0.11499611499611494 0.08741258741258742 0.1968401968401967
21 0.27214452214452217 0.11810411810411808 0.05011655011655012 0.21134421134421133
44 0.6113053613053613 0.13778813778813778 0.11538461538461547 0.1844081844081844
44 0.5087412587412588 0.13882413882413883 0.09673659673659671 0.1326081326081326
