4 0.7945452286282307 0.2882703777335984 0.08387176938369777 0.09940357852882702
4 0.8979870775347913 0.28727634194831014 0.08946322067594437 0.08151093439363816
4 0.7246520874751491 0.46123260437375746 0.07604373757455264 0.10735586481113323
27 0.48198310139165007 0.6898608349900596 0.187872763419483 0.2862823061630219
5 0.4489935387673957 0.4970178926441352 0.03690357852882706 0.11133200795228625
7 0.46409045725646125 0.2644135188866799 0.04920477137176938 0.09940357852882706
18 0.4708001988071571 0.3568588469184891 0.07157057654075544 0.06163021868787275
7 0.567341912605434 0.3813810406201153 0.1297216699801193 0.04970178926441358
42 0.4070576540755468 0.25347912524850896 0.06486083499005964 0.24453280318091453
13 0.17668986083499008 0.5278330019880716 0.23260437375745532 0.9443339960238569
43 0.5585859840954275 0.5387673956262425 0.08387176938369784 0.0755467196819086
24 0.6586729622266403 0.7256461232604374 0.07380715705765403 0.06759443339960242
14 0.6407803180914513 0.8548707753479127 0.13195825049701795 0.11530815109343948
34 0.617296222664016 0.7365805168986084 0.046968190854870785 0.06560636182902585
