13 0.14817345924453285 0.510934393638171 0.282927435387674 0.9662027833001988
5 0.44619781312127244 0.49204771371769385 0.03802186878727632 0.1292246520874752
27 0.4881336978131213 0.6789264413518887 0.16438866799204768 0.28031809145129233
42 0.5843066600397614 0.621272365805169 0.06150596421471164 0.22067594433399607
43 0.5474030815109344 0.5268389662027834 0.06597912524850891 0.05566600397614316
24 0.6642644135188867 0.7365805168986084 0.060387673956262385 0.0815109343936382
34 0.6133822067594434 0.7514910536779326 0.05032306163021872 0.051689860834990074
4 0.7207380715705766 0.4831013916500994 0.07939860834990042 0.1192842942345925
4 0.7995775347912525 0.2783300198807157 0.06262425447316118 0.10337972166998015
4 0.889040755467197 0.2912524850894632 0.09169980119284289 0.07753479125248511
14 0.6452534791252487 0.8469184890656064 0.12748508946322076 0.10337972166998029
