9 0.8431297925210768 0.4992281140819671 0.17491040787389195 0.49279180169105524
17 0.3708417338709677 0.8397177419354831 0.20866935483870996 0.22782258064516095
45 0.6044606854838709 0.36592741935483875 0.11567540322580633 0.4173387096774194
45 0.7360131048387096 0.3709677419354838 0.16784274193548385 0.5403225806451613
0 0.8437499999999997 0.4022177419354838 0.12021169354838762 0.2681451612903226
41 0.22610223950251426 0.41603465479117085 0.1370961531564438 0.15835337213299175
50 0.15706905241935482 0.7510080645161291 0.3141381048387097 0.4979838709677418
13 0.14000526296672838 0.3920796935388796 0.06654449568827422 0.06657888560852789
13 0.30903477822580644 0.21068548387096772 0.18031754032258063 0.4133064516129032
13 0.5160030241935484 0.22278225806451613 0.14969758064516128 0.44556451612903225
19 0.47312437023575066 0.4091979459613079 0.052655412726728384 0.04198666897163928
19 0.5337168120867287 0.44464570747015086 0.051493896269521146 0.046804811312647486
