6 0.5812579989433289 0.908320426940918 0.10294625163078308 0.11673815548419952
21 0.4939987063407898 0.8753255009651184 0.06973037868738174 0.10341355949640274
12 0.907386826468514 0.9159284830093384 0.051277447257425106 0.12198446691036224
5 0.8445803966277685 0.780908476207208 0.057433207352192595 0.23634589392652272
44 0.7086247086247087 0.722092722092722 0.1515151515151514 0.16368816368816355
44 0.6940559440559437 0.8443408443408444 0.10606060606060608 0.13468013468013496
21 0.794871794871795 0.806008806008806 0.037296037296037386 0.09945609945609946
21 0.7837995337995339 0.6806526806526807 0.031468531468531506 0.10981610981610981
43 0.7913752913752913 0.956876456876457 0.1864801864801865 0.08624708624708617
55 0.2902097902097902 0.46412846412846404 0.5757575757575758 0.9199689199689199
