55 0.6350591715976331 0.23550295857988165 0.08786982248520701 0.4710059171597633
55 0.3761094674556213 0.2195266272189349 0.08520710059171599 0.4319526627218934
55 0.4643121301775148 0.2301775147928994 0.07522189349112424 0.4508875739644971
55 0.5511834319526627 0.2331360946745562 0.09186390532544372 0.4615384615384615
0 0.4493343195266272 0.4662721893491124 0.08786982248520715 0.1822485207100592
5 0.15077662721893492 0.778698224852071 0.06323964497041418 0.3739644970414201
16 0.08886834319526628 0.22485207100591714 0.176405325443787 0.4497041420118343
41 0.6893121301775147 0.6461538461538461 0.1324704142011835 0.14911242603550284
41 0.3271819526627219 0.5414201183431953 0.12847633136094674 0.1526627218934911
36 0.5531804733727811 0.672189349112426 0.08786982248520701 0.056804733727810655
