6 0.5827300548553467 0.8931445479393005 0.0990528091788292 0.10883958637714386
21 0.4964773952960968 0.8667630553245544 0.07032632827758789 0.09874080866575241
5 0.8277142643928528 0.7645834684371948 0.05704479292035103 0.2300352305173874
12 0.8938635112522365 0.8828771114349362 0.049562407383968485 0.11297336220741264
0 0.24358974358974345 0.6599326599326598 0.2564102564102562 0.5615125615125613
55 0.28438228438228436 0.4755244755244755 0.543123543123543 0.9386169386169386
43 0.7843822843822846 0.9413364413364411 0.17249417249417262 0.11732711732711733
44 0.6987179487179486 0.7013727013727014 0.14568764568764564 0.171976171976172
44 0.6952214452214449 0.8391608391608392 0.10839160839160819 0.10774410774410761
21 0.7795750174906098 0.790029173232582 0.03466549039374925 0.09147837742794977
21 0.7698253483173678 0.6778477945972541 0.02816571094492133 0.1039964711812484
