9 0.9076642990112305 0.375205397605896 0.1839592009782791 0.5928370356559753
4 0.7602567672729492 0.25772643089294434 0.08711318671703339 0.07757814228534698
33 0.5203962703962703 0.7517223540935699 0.24125874125874128 0.49645170119413273
41 0.1142191142191142 0.27143227143227144 0.21678321678321674 0.22377622377622378
45 0.6217948717948718 0.21238021238021232 0.1596736596736595 0.42476042476042464
45 0.7872960372960367 0.2735042735042734 0.23659673659673772 0.5470085470085468
50 0.2319347319347319 0.7258482258482257 0.4615384615384615 0.5483035483035483
19 0.4211080898750744 0.2319370343646284 0.07973145091270134 0.06640799761057885
19 0.46458370385699965 0.252863924367962 0.05869992645935136 0.06250164480995644
19 0.500525637437725 0.26709420957022895 0.05273576280840078 0.045202082407200736
19 0.5265796154918747 0.2894162255737847 0.056502603009000806 0.05859529200933436
