9 0.5939255356788635 0.4911298453807831 0.17311197519302368 0.5824010968208313
5 0.8150819540023804 0.0823146402835846 0.019164275377988815 0.09228162467479706
5 0.8815037840557052 0.1017432148356915 0.024953088837199287 0.09334303602063429
5 0.9254316175295247 0.11144719382793564 0.017155248575574406 0.0831769627906642
5 0.7797840261624769 0.0753213607493237 0.024953088837199287 0.09888816687334522
21 0.839307540159546 0.11413727671830035 0.018194960610457826 0.04343685834623578
21 0.7641883456392274 0.27263560025828826 0.017675104593016043 0.0517545546253022
21 0.7761450340403855 0.30821685656318354 0.02911193697673255 0.039740104444428506
21 0.8010981228775848 0.28788471010324335 0.017675104593016185 0.0508303661498503
21 0.7823833062496851 0.2703251290696587 0.015595680523249627 0.04158848139533209
22 0.8432064602903584 0.3077547623254576 0.041588481395332055 0.12938638656325543
7 0.8998707661914984 0.3299352857363014 0.03846934529068193 0.05729968547801317
20 0.7392352568020283 0.3012854429972948 0.023913376802315867 0.07393507803614596
0 0.5384699949943972 0.050183932938616664 0.04078637253537885 0.09807811043525326
55 0.14865559463552555 0.19844597631248656 0.22003174657243854 0.3968919526249731
50 0.7690377874104987 0.6354087510774814 0.3402442129925018 0.4236058340516545
13 0.443283469923986 0.30434743482540016 0.16099883895544295 0.4369627747649945
