44 0.3656636690616208 0.5355706554767863 0.14142850751628527 0.16076466447121734
44 0.3751272866649419 0.6654909366482938 0.10041949790189761 0.09720654130817792
43 0.3074083888379427 0.7749276489560608 0.16379288671674164 0.14067021940246208
43 0.5705056585641098 0.8691766959557097 0.18673971625676863 0.17443107205905267
6 0.4878179452216001 0.7160114167585314 0.09574366808080065 0.09846915358172324
21 0.5685274836037627 0.6920974794601129 0.06725794865180212 0.0984691535817234
5 0.23184210535268263 0.5865948149082664 0.06013651879455246 0.22788575543198838
12 0.18515717628849057 0.7096812568854205 0.0648841386993856 0.10550266455184641
21 0.2828790193296383 0.5000826299757523 0.034024609317970515 0.11956968649209265
21 0.27575758947238865 0.6126188054977215 0.0340246093179706 0.10268926016379776
