9 0.5982620716094971 0.4690222144126892 0.1796645224094391 0.5983823537826538
4 0.7411134243011475 0.5417841076850891 0.0906321182847023 0.07641144096851349
22 0.8545327367644368 0.2657123848982051 0.040966363410429946 0.13086477200553998
20 0.747992456455846 0.2647163039643303 0.019290041651893547 0.06858681476228845
21 0.7857687880241377 0.26671675272823037 0.033757572890813915 0.044009872805801785
21 0.7735517616446052 0.23099445337287178 0.02218354789967776 0.04915388391297345
21 0.793002553643598 0.22870822621412884 0.014789031933118509 0.04343831601611601
21 0.811488843559996 0.2452833731150152 0.01768253818090244 0.052583224651087834
21 0.8290106313937994 0.2532851681706155 0.014789031933118509 0.052583224651087834
20 0.7863906980088641 0.039151640093473015 0.019290041651893405 0.07830328018694603
20 0.8248100309655524 0.043152537621273176 0.01768253818090244 0.08630507524254635
50 0.7779737903225814 0.6270161290322567 0.36063508064516087 0.47983870967741915
13 0.443422379032258 0.25705645161290325 0.18145161290322576 0.5141129032258065
0 0.5426537298387096 0.025201612903225805 0.04422883064516128 0.05040322580645161
7 0.9137000176188853 0.28318993247279334 0.03519962872557784 0.05761067981893533
21 0.851216418466952 0.06605362427515858 0.018437900761016975 0.040724790906488735
5 0.8934001005110969 0.05363752948659495 0.026818764743297408 0.09734218314233897
5 0.9392154902808967 0.06208047394281823 0.016761727964560862 0.08045629422989244
55 0.12531502016129023 0.20665322580645148 0.25063004032258046 0.41330645161290297
