50 0.5795110887096772 0.7358870967741935 0.5602318548387094 0.528225806451613
27 0.11737651209677419 0.43951612903225806 0.16217237903225803 0.11693548387096776
41 0.23418598790322576 0.25806451612903225 0.11907762096774195 0.21370967741935484
45 0.8987525201612896 0.48991935483870963 0.18939012096774238 0.4838709677419355
36 0.4038739536602742 0.3014739892827994 0.096081436759357 0.11135773640372384
13 0.5630670362903225 0.21975806451612903 0.14856350806451615 0.41532258064516125
13 0.7859122983870971 0.23790322580645148 0.14969758064516106 0.47580645161290297
19 0.7067291787231763 0.4471615315061595 0.06722615323606192 0.05165399344691764
19 0.7327935559312264 0.48261035053835927 0.060674451861361806 0.04557705304139788
19 0.76811577203831 0.5167931403194073 0.044152770133853124 0.04709628814277642
