1 0.591 0.8746666666666667 0.13799999999999998 0.1866666666666667
44 0.4665000000000001 0.6706666666666666 0.09299999999999997 0.14133333333333326
44 0.5655000000000001 0.6226666666666667 0.144 0.16800000000000012
11 0.5932499999999997 0.7479999999999997 0.1334999999999997 0.10400000000000029
21 0.0345 0.3133333333333333 0.069 0.136
21 0.06824999999999999 0.2826666666666667 0.058499999999999996 0.1173333333333333
21 0.183 0.24533333333333332 0.038999999999999986 0.09599999999999997
21 0.23550000000000001 0.15600000000000003 0.03600000000000001 0.10400000000000001
5 0.12975 0.17733333333333334 0.06449999999999999 0.19466666666666668
6 0.14400000000000002 0.30133333333333345 0.08400000000000003 0.06400000000000007
21 0.21450000000000002 0.24800000000000005 0.027000000000000027 0.07466666666666662
35 0.3030000000000001 0.24666666666666662 0.038999999999999986 0.09866666666666674
6 0.5310000000000001 0.25066666666666665 0.0570000000000001 0.07466666666666662
37 0.67125 0.752 0.08549999999999996 0.15466666666666667
1 0.9425 0.8202666625976562 0.11200000000000003 0.2805333251953124
1 0.9225 0.6826666666666666 0.12299999999999997 0.26666666666666655
21 0.13425 0.7773333333333333 0.1275 0.2426666666666665
