1 0.9492500000000001 0.8229333292643229 0.10149999999999991 0.2591999918619791
1 0.9345 0.696 0.11400000000000006 0.25066666666666676
6 0.5347500000000001 0.26266666666666666 0.07050000000000005 0.06666666666666664
6 0.15525000000000003 0.31333333333333335 0.08850000000000004 0.06666666666666668
11 0.6022499999999998 0.7560000000000001 0.1305 0.10399999999999958
21 0.14325 0.7760000000000001 0.1305 0.24
21 0.04724999999999999 0.3253333333333333 0.06149999999999999 0.13866666666666666
21 0.08175 0.29333333333333333 0.05849999999999999 0.128
21 0.1935 0.24933333333333332 0.038999999999999986 0.10399999999999998
21 0.22350000000000006 0.25066666666666665 0.027000000000000027 0.0693333333333333
21 0.2475000000000001 0.16399999999999984 0.03300000000000006 0.09333333333333331
21 0.25500000000000006 0.25066666666666665 0.029999999999999995 0.09600000000000002
35 0.309 0.256 0.038999999999999986 0.09599999999999997
37 0.6764999999999998 0.7600000000000001 0.09900000000000003 0.14933333333333354
44 0.47400000000000003 0.6826666666666666 0.09299999999999997 0.16
44 0.5744999999999998 0.6346666666666667 0.1409999999999997 0.14933333333333337
