6 0.7219862341880798 0.7836992144584656 0.12430743873119354 0.14440612494945526
26 0.4349088668823242 0.8689888715744019 0.1324799507856369 0.0633290633559227
21 0.6480237245559692 0.6987210170218006 0.07557150721549988 0.1102362722158432
44 0.176737979054451 0.5954278111457825 0.16560310125350952 0.15850625932216644
44 0.9061304926872253 0.8102405667304993 0.1508312225341797 0.1807703673839569
43 0.9038301110267639 0.9438669681549072 0.19145984947681427 0.10971476137638092
44 0.9143356643356643 0.6595182618894778 0.17132867132867133 0.25402745876989036
6 0.19871794871794876 0.7034447034447033 0.11305361305361306 0.09324009324009326
6 0.18473193473193472 0.7542087542087542 0.10139860139860138 0.07044807044807044
18 0.21386946386946384 0.6961926961926962 0.057109557109557126 0.058016058016058025
