9 0.6055212616920471 0.2649613916873932 0.17588382959365845 0.34601345658302307
17 0.41666666666666663 0.671328671328671 0.17132867132867136 0.23206423206423177
0 0.6048951048951049 0.26521626521626523 0.13752913752913754 0.2486402486402487
4 0.44883431268981205 0.2700301238861045 0.07188386716145112 0.07756900561235687
45 0.32634032634032634 0.21445221445221446 0.1258741258741258 0.4164724164724165
5 0.48076923076923067 0.2527842527842525 0.17832167832167808 0.49313649313649255
5 0.745920745920746 0.08702408702408702 0.039627039627039694 0.17404817404817405
50 0.7325174825174824 0.7185962185962186 0.5349650349650346 0.5628075628075626
19 0.19967224929216293 0.24633467364870876 0.06352363651899512 0.0488706859249449
19 0.26145489650619 0.32202435666799445 0.06281641038142488 0.06257573447958041
