1 0.94125 0.8279999999999998 0.11549999999999998 0.24799999999999997
1 0.924 0.7040000000000001 0.11399999999999992 0.2666666666666667
5 0.1305 0.15200000000000002 0.056999999999999995 0.19733333333333333
6 0.5325 0.24133333333333332 0.05999999999999993 0.061333333333333365
6 0.14475000000000002 0.2853333333333333 0.0825 0.05866666666666664
11 0.5954999999999999 0.7413333333333333 0.12899999999999998 0.10666666666666672
21 0.0315 0.29333333333333333 0.06 0.144
21 0.075 0.25733333333333336 0.05400000000000001 0.12533333333333335
21 0.18825000000000003 0.22400000000000003 0.0375 0.10133333333333333
21 0.22125000000000006 0.23199999999999987 0.022500000000000065 0.09066666666666659
21 0.252 0.23333333333333336 0.026999999999999993 0.07733333333333338
21 0.24 0.14133333333333334 0.03600000000000001 0.09066666666666669
21 0.12974999999999998 0.7466666666666668 0.12149999999999998 0.2560000000000004
35 0.30450000000000005 0.23200000000000004 0.04200000000000003 0.09600000000000004
37 0.6705000000000001 0.752 0.08100000000000009 0.1653333333333333
44 0.46425000000000005 0.6680000000000001 0.08549999999999996 0.14133333333333334
44 0.5685000000000001 0.612 0.14400000000000004 0.12533333333333332
