6 0.5316761136054993 0.7380945682525635 0.09662367403507233 0.10751274973154068
6 0.05357390642166138 0.915777325630188 0.1068989485502243 0.15816141664981842
5 0.7976992726325989 0.6567228436470032 0.06427523493766785 0.23175862431526184
6 0.027090828865766525 0.775736927986145 0.05386627838015556 0.16010521352291107
0 0.4277389277389277 0.5490805490805488 0.21445221445221432 0.5055685055685055
18 0.05069930069930068 0.8795648795648794 0.07342657342657354 0.055944055944056215
43 0.7226107226107226 0.8391608391608392 0.17482517482517487 0.15747215747215748
44 0.6666666666666667 0.578088578088578 0.14219114219114232 0.18233618233618246
44 0.6532634032634033 0.6982646982646987 0.09207459207459218 0.1367521367521367
21 0.7546616884959968 0.5553425400682649 0.03377216872809541 0.12109643928115503
21 0.7564393385453871 0.6731537360040676 0.0406410844016061 0.10074409654482644
12 0.8401644220665838 0.7886678591693784 0.0625550749640801 0.11224835881404903
55 0.27214452214452217 0.346024346024346 0.5442890442890443 0.692048692048692
