0 0.39541490486257935 0.39217758985200846 0.08205602536997887 0.10359408033826639
1 0.05529862579281184 0.4133192389006342 0.06540697674418607 0.0782241014799154
6 0.5910412262156448 0.5391120507399577 0.052325581395348805 0.04651162790697683
7 0.6065010570824525 0.26849894291754756 0.0808668076109938 0.04651162790697672
9 0.5113636363636364 0.7357293868921776 0.15459830866807608 0.5285412262156448
9 0.7087737843551797 0.781183932346722 0.15221987315010524 0.4376321353065535
9 0.36508985200845673 0.6923890063424948 0.16173361522198731 0.5644820295983087
21 0.32644027484143767 0.40274841437632136 0.05113636363636363 0.10359408033826639
21 0.3757928118393235 0.419661733615222 0.0309196617336152 0.08668076109936575
22 0.7908298097251586 0.47674418604651164 0.040433403805496794 0.13319238900634253
39 0.07135306553911207 0.46405919661733613 0.07610993657505287 0.01902748414376319
39 0.1236786469344609 0.4439746300211416 0.047568710359408024 0.029598308668076143
50 0.5999603594080339 0.726215644820297 0.5054175475687105 0.45454545454545553
20 0.6992600422832982 0.4915433403805497 0.01902748414376319 0.07822410147991547
20 0.7194767441860467 0.5021141649048626 0.01902748414376319 0.06976744186046503
20 0.7480179704016914 0.5052854122621564 0.026162790697674437 0.06342494714587738
