20 0.4974445402622223 0.7809704542160034 0.05329418182373047 0.17280951142311096
6 0.4393526315689087 0.6790362000465393 0.11046276241540909 0.12194756418466568
21 0.7435706726043096 0.4520575987709152 0.04315662384033203 0.13324449956417084
44 0.19230769230769235 0.596736596736597 0.20979020979020985 0.21134421134421147
44 0.627039627039627 0.6102046102046103 0.1538461538461538 0.18026418026418028
43 0.7424242424242425 0.746956746956747 0.16783216783216787 0.13882413882413885
21 0.7960372960372959 0.6008806008806009 0.04895104895104893 0.10774410774410768
5 0.8560606060606062 0.5552965552965553 0.0641025641025641 0.24449624449624444
21 0.7348484848484848 0.5501165501165501 0.04079254079254085 0.09324009324009318
12 0.8846153846153846 0.6112406112406112 0.041958041958042 0.09945609945609946
