5 0.12075000000000001 0.10933333333333334 0.05850000000000002 0.20266666666666666
21 0.027000000000000003 0.24799999999999997 0.054000000000000006 0.15466666666666665
21 0.2325 0.10533333333333335 0.038999999999999986 0.09866666666666667
11 0.6705000000000001 0.09733333333333333 0.20700000000000002 0.19466666666666665
21 0.18075000000000002 0.19466666666666668 0.03750000000000003 0.10666666666666666
21 0.069 0.21733333333333335 0.05399999999999999 0.12533333333333338
6 0.13725 0.2519999999999996 0.08250000000000003 0.07199999999999995
6 0.5272500000000001 0.22666666666666666 0.0675 0.06400000000000002
44 0.456 0.6453333333333333 0.09 0.14933333333333337
44 0.555 0.608 0.14999999999999994 0.15999999999999992
37 0.6577500000000001 0.7440000000000001 0.09450000000000003 0.15466666666666654
1 0.9352499999999998 0.816 0.12150000000000005 0.2560000000000001
1 0.91125 0.6933333333333335 0.11850000000000009 0.25066666666666676
35 0.30075 0.20800000000000002 0.04649999999999995 0.09600000000000002
21 0.11550000000000002 0.7266666666666666 0.12300000000000005 0.24800000000000005
