6 0.3935776650905609 0.6579688191413879 0.11281414330005646 0.12653249502182007
5 0.8081210851669312 0.49959859251976013 0.06728172302246094 0.22972336411476135
44 0.12645687645687645 0.6081326081326083 0.22727272727272727 0.24656824656824664
44 0.5844988344988344 0.5563325563325563 0.15268065268065265 0.19269619269619276
43 0.7004662004662005 0.7013727013727014 0.17249417249417243 0.171976171976172
21 0.7010489510489513 0.3833203833203833 0.04079254079254085 0.13675213675213668
21 0.7511655011655012 0.5439005439005439 0.04545454545454547 0.10567210567210567
21 0.6946386946386945 0.49210049210049206 0.044289044289044316 0.09738409738409735
21 0.8869463869463872 0.5138565138565138 0.04895104895104898 0.14918414918414907
12 0.8379953379953379 0.5552965552965553 0.03729603729603724 0.10774410774410775
