54 0.28346437215805054 0.6216614842414856 0.2308063954114914 0.28964895009994507
9 0.5026338254251788 0.404405192982766 0.1590152382850647 0.4930950701236725
50 0.6333795362903228 0.5090725806451615 0.2982610887096772 0.34072580645161316
13 0.3294480846774194 0.24092741935483872 0.19846270161290325 0.48185483870967744
55 0.8749369959677419 0.17741935483870971 0.1712449596774192 0.34274193548387105
5 0.06294102822580645 0.16048386789137312 0.1258820564516129 0.30806452228176967
5 0.7047352311062922 0.23256870308631278 0.02519265902229506 0.14453970024912646
5 0.638595735519688 0.040376113449873366 0.01450486428556374 0.08075222689974673
5 0.6517646254631605 0.047501309941027484 0.01259632951114753 0.07871645647370268
5 0.7006231156882172 0.06480535856240177 0.011069501691614504 0.0712519649115412
5 0.728487723394695 0.055305096574196265 0.016413399059980092 0.08482376775183477
5 0.7586425728304724 0.09669909523709165 0.03778898853344245 0.026465015538572452
22 0.6725676545042978 0.24361386098326945 0.0396975233078588 0.1112887832904072
20 0.7244798003684206 0.2812756138650841 0.011451208646497407 0.05632298178721829
20 0.6763847240531305 0.2819542040070988 0.011451208646497832 0.04410835923095401
21 0.6304360793946009 0.2295716707586053 0.013333047399549897 0.04082216981590591
21 0.6450653952913292 0.2307239094227639 0.015184859538376188 0.05102771226988235
7 0.75568025463124 0.2787148372766054 0.03150193984405561 0.04167698501332417
27 0.43661794354838696 0.917338709677419 0.10660282258064507 0.1451612903225806
27 0.9712071572580645 0.6997983878658665 0.05758568548387103 0.23024193702205537
