6 0.5109009742736816 0.7163587808609009 0.09848193824291229 0.10556233674287796
21 0.4314538240432739 0.6906672120094299 0.06790389865636826 0.09561191499233246
12 0.8138837814331055 0.7079808115959167 0.06306686252355576 0.11031341552734375
5 0.7666910886764526 0.5876892805099487 0.05338001251220703 0.2271389365196228
6 0.04111343249678612 0.9513821005821228 0.0821775421500206 0.09288330376148224
10 0.6601436734199524 0.21672998368740082 0.0791509598493576 0.08850131928920746
43 0.43006993006993016 0.8723128723128724 0.1911421911421912 0.18233618233618232
43 0.6940559440559442 0.7801087801087802 0.1596736596736597 0.1554001554001553
21 0.7178273766600316 0.49988335331142303 0.03356207851939047 0.11442778673277715
21 0.7242639396637504 0.6122677867096862 0.03907913252257785 0.0939942533876382
44 0.6353150670093107 0.535329118255902 0.13889620084774648 0.15556374494947606
21 0.6245506114436096 0.6569404585537018 0.09653285958918492 0.1098823277817726
18 0.029137529137529112 0.9479409479409481 0.058275058275058224 0.05180005180005174
55 0.24358974358974358 0.37399637399637375 0.48717948717948717 0.7479927479927475
