49 0.5297043323516846 0.4035426676273346 0.12444797903299332 0.35375168919563293
50 0.737179487179487 0.7020202020202011 0.5256410256410253 0.5959595959595951
27 0.18036886493873247 0.1938081136988734 0.13580714536563343 0.11034330560957759
39 0.31193203701169103 0.15042527559596286 0.05304966615845089 0.04055352257446021
41 0.35171928663052904 0.0679035726828171 0.1368681386888031 0.13392093501333374
29 0.513986013986014 0.28593628593628595 0.02564102564102562 0.07044807044807044
19 0.6616925667379079 0.08052667273282793 0.05998693019455594 0.052233517448320825
19 0.7175987533818139 0.11643721597854852 0.04611240212234563 0.05586084504889868
45 0.8030303030303031 0.15125615125615124 0.13519813519813526 0.29008029008029007
4 0.9376456876456877 0.1585081585081585 0.09906759906759915 0.09324009324009323
45 0.9143356643356647 0.24656824656824658 0.16433566433566432 0.4558404558404559
