0 0.454059829059829 0.46676163342830007 0.08440170940170943 0.19278252611585942
5 0.15224358974358976 0.7711301044634378 0.06410256410256412 0.3722697056030389
4 0.4639423076923077 0.8869895536562202 0.16826923076923087 0.14624881291547964
16 0.08814102564102563 0.22412155745489076 0.17307692307692307 0.446343779677113
36 0.5534188034188035 0.6733143399810066 0.08760683760683761 0.05698005698005687
41 0.6885683760683762 0.6467236467236467 0.1314102564102565 0.14814814814814808
41 0.327190170940171 0.5465337132003799 0.12446581196581195 0.14909781576448247
55 0.3715277777777778 0.2098765432098765 0.09348290598290604 0.419753086419753
55 0.4607371794871795 0.2250712250712251 0.07638888888888885 0.44824311490978164
55 0.547275641025641 0.23219373219373218 0.08173076923076934 0.46438746438746437
55 0.6324786324786325 0.23076923076923075 0.08012820512820518 0.4615384615384615
