0 0.19346421471172967 0.8101391650099404 0.24155069582504976 0.3797216699801192
36 0.4942842942345924 0.35685884691848907 0.18563618290258446 0.1530815109343936
5 0.9276217693836978 0.6749502982107356 0.07939860834990058 0.18886679920477142
5 0.8577286282306162 0.29025844930417494 0.05591451292246518 0.22664015904572563
34 0.7822440357852883 0.8578528827037774 0.10847415506958243 0.12127236580516892
31 0.742544731610338 0.35884691848906564 0.10511928429423477 0.09741550695825044
24 0.6117047713717695 0.7773359840954274 0.09840954274353891 0.14314115308151087
7 0.5334244532803182 0.7435387673956262 0.03578528827037765 0.11133200795228618
38 0.4937251491053678 0.5715705765407555 0.07939860834990058 0.1292246520874751
4 0.6877485089463221 0.09443339960238567 0.14985089463220674 0.17296222664015903
7 0.8247390656063618 0.06560636182902585 0.08387176938369777 0.11133200795228629
