6 0.36661211129296234 0.5630114566284778 0.07528641571194761 0.0727404982724132
42 0.41816693944353517 0.5470085470085471 0.040916530278232416 0.12802327695944724
22 0.4705400981996727 0.5470085470085471 0.050736497545008204 0.15711947626841244
9 0.6374795417348614 0.708492453173304 0.0769230769230763 0.5382796872158576
40 0.5016366612111293 0.14839061647572285 0.06055646481178392 0.07565011820330969
13 0.05155482815057284 0.48154209856337515 0.10310965630114569 0.8059647208583379
43 0.5589198036006547 0.5819239861793054 0.08019639934533551 0.05237315875613749
28 0.18821603927986907 0.033460629205310045 0.06873977086743042 0.0669212584106201
20 0.553191489361702 0.5426441171122023 0.03273322422258587 0.07855973813420619
20 0.5270049099836335 0.5702855064557192 0.03273322422258602 0.0756501182033098
