5 0.27015532544378695 0.6232741617357002 0.08099112426035504 0.272189349112426
21 0.32562869822485213 0.6380670611439843 0.05214497041420121 0.11242603550295861
21 0.6789940828402367 0.7406311637080867 0.08653846153846154 0.14398422090729796
21 0.330621301775148 0.5118343195266272 0.04215976331360952 0.1400394477317554
21 0.12703402366863906 0.6715976331360946 0.06323964497041419 0.16370808678500978
12 0.2135724852071006 0.7790927021696255 0.07877218934911244 0.11439842209072978
43 0.35225591715976323 0.8757396449704141 0.19859467455621285 0.21696252465483212
44 0.4177144970414198 0.5571992110453645 0.1653106508875735 0.21893491124260325
44 0.43491124260355024 0.7001972386587773 0.1153846153846154 0.12623274161735693
26 0.581360946745562 0.7593688362919133 0.0954142011834319 0.11834319526627227
6 0.573594674556213 0.782051282051282 0.11982248520710044 0.15581854043392496
