6 0.43037739396095276 0.6765408515930176 0.11007165908813477 0.1216549351811409
12 0.899765133857727 0.6263694763183594 0.051026344299316406 0.11007142066955566
44 0.6270896792411804 0.6076244115829468 0.1581733673810959 0.18760935962200165
5 0.8674814105033875 0.5663323998451233 0.07566528022289276 0.23692144453525543
21 0.8032884822858796 0.6090041800534531 0.04550285264849662 0.11755756077078491
21 0.7628629875905577 0.44980911973442184 0.03690040901754841 0.13354359692981957
44 0.17841142416000366 0.5871610045433044 0.2116052657365799 0.21383650600910187
43 0.734848484848485 0.7635327635327636 0.17832167832167842 0.17612017612017578
47 0.5606060606060607 0.7935767935767936 0.06060606060606062 0.08702408702408704
21 0.7505827505827506 0.5501165501165501 0.04428904428904417 0.10567210567210573
