9 0.5261727490903059 0.33432920888834317 0.16408096253871918 0.4111052453517914
17 0.3822843822843822 0.7666407666407666 0.21212121212121196 0.24864024864024853
50 0.714452214452214 0.7310282310282308 0.5710955710955697 0.5379435379435374
0 0.5268065268065267 0.30044030044030046 0.12820512820512822 0.2693602693602694
5 0.6526806526806527 0.10463610463610465 0.03962703962703955 0.17612017612017614
4 0.3554778554778555 0.3367003367003366 0.08624708624708624 0.08080808080808083
45 0.20512820512820512 0.289044289044289 0.17715617715617718 0.44962444962444964
45 0.3607226107226107 0.3056203056203056 0.20396270396270397 0.602952602952603
0 0.9341491841491841 0.723335920174299 0.1317016317016318 0.21590260957936738
19 0.05695716331117481 0.3580868887560601 0.0819287743630513 0.045760132807289654
19 0.13763032427402608 0.42533196196677225 0.0700004470611511 0.07756900561235681
