24 0.4275958002562511 0.7903392689577157 0.12077534791252481 0.10656474768864806
27 0.48589711729622265 0.6938369781312127 0.1889910536779324 0.2743538767395626
7 0.46688618290258455 0.27037773359840955 0.05479622266401592 0.09940357852882702
18 0.4702410536779324 0.3598409542743539 0.06821570576540757 0.06759443339960235
7 0.5525567755952436 0.39518739161977 0.12189363817097419 0.08302772921176556
42 0.4064985089463221 0.2455268389662028 0.07939860834990058 0.25646123260437376
5 0.45011182902584496 0.48707753479125254 0.04808648111332005 0.14711729622266403
43 0.5585859840954275 0.5308151093439364 0.08834493041749504 0.06361829025844927
13 0.17613071570576544 0.5009940357852882 0.24714214711729623 0.8866799204771371
4 0.7196197813121273 0.47514910536779326 0.07268886679920485 0.1312127236580517
4 0.7934269383697813 0.27236580516898606 0.08610834990059643 0.11928429423459246
4 0.8923956262425449 0.2882703777335984 0.08946322067594437 0.07952286282306162
