27 0.5928663015365601 0.4254676401615143 0.16228768229484558 0.2465491145849228
12 0.41031378507614136 0.7606745958328247 0.05047760158777237 0.10943332314491272
17 0.2278554778554778 0.5780885780885779 0.18065268065268053 0.16576016576016575
41 0.7995337995337995 0.3574203574203574 0.21212121212121218 0.1595441595441595
21 0.3100346649321463 0.10411727163142333 0.03197666947730657 0.03769230605054496
21 0.2909181777446261 0.0648801989394626 0.02015920467047586 0.051904159151570074
21 0.27388712552301714 0.06580705892431207 0.01529318975001619 0.0525220658081364
7 0.3772899425827856 0.08588902526271718 0.03579996691481057 0.04448927927277436
22 0.24590753973037394 0.05375787912126902 0.04344656178981877 0.10627994492940541
20 0.24364831851730334 0.10257250499000754 0.02154949464775008 0.05684741240410056
20 0.23165706746331347 0.09608448509606131 0.012860182289786555 0.05993694568693213
