9 0.7140950560569763 0.25656697154045105 0.18205426633358002 0.35230985283851624
21 0.7365967365967365 0.5418285418285419 0.1142191142191139 0.23828023828023803
17 0.5157342657342656 0.6557886557886553 0.1526806526806523 0.21756021756021746
50 0.7791375291375292 0.7113442113442113 0.4417249417249417 0.5773115773115773
45 0.4364801864801865 0.22274022274022273 0.1153846153846154 0.4206164206164206
45 0.5815850815850816 0.23102823102823103 0.17715617715617715 0.45376845376845376
4 0.5501165501165501 0.26936026936026936 0.07692307692307697 0.07459207459207455
19 0.32433345681088355 0.2608637964912599 0.05972307706914069 0.036576812750478534
19 0.33670811710784565 0.2967116957628855 0.062026768983378486 0.04767122856364475
19 0.3765244273286171 0.32632564077969506 0.04685865080403701 0.06548774832985518
5 0.8589965174118386 0.07726207789230789 0.04162358421663072 0.15017136266392236
