5 0.5540570616722107 0.7285506725311279 0.08596191555261612 0.3753623068332672
5 0.9220365881919861 0.6674357056617737 0.09469032287597656 0.31116265058517456
21 0.4898190200328827 0.6535666584968567 0.057402897626161575 0.10122375190258026
44 0.745920745920746 0.5552965552965553 0.1794871794871794 0.21963221963221968
44 0.7272727272727273 0.7044807044807045 0.12587412587412586 0.14504014504014498
21 0.8753406149094335 0.686611873669944 0.05420399911751886 0.12601271589713825
21 0.8805543895100806 0.5392602989127533 0.053682806818312084 0.14083774129680157
18 0.03671328671328671 0.7616679585063375 0.07342657342657342 0.0430976494208916
6 0.04195804195804196 0.7687127687127687 0.08391608391608392 0.08288008288008285
55 0.3111888111888112 0.2973322973322973 0.5501165501165501 0.5946645946645946
