27 0.5972623825073242 0.419986754655838 0.16193151473999023 0.24287064373493195
17 0.23310023310023292 0.5894845894845893 0.184149184149184 0.15954415954415968
41 0.8035791845113616 0.3488107531411774 0.21409542366514545 0.15799075289335682
21 0.3124889663246613 0.10846724450938652 0.02840808784769674 0.03902525199279511
20 0.2338824959733646 0.10330213762798714 0.014526863103935703 0.0585378779891927
20 0.24598821522664438 0.10875419489168646 0.021951704245947248 0.059111778753792636
21 0.29295840592936984 0.07145064519269109 0.020983246705684914 0.05107716804939364
21 0.2761718085648219 0.07202454595729103 0.015172501464110581 0.051077168049393634
7 0.38076522291315884 0.08924156889528888 0.03841548243040762 0.04304255734499465
22 0.24792513030716912 0.06198128257679228 0.04390340849189453 0.11822355750758527
