1 0.43166003976143147 0.8021868787276343 0.2348409542743539 0.3836978131212724
1 0.6027584493041749 0.4224652087475149 0.05367793240556665 0.10934393638170974
1 0.5289512922465209 0.3538767395626243 0.03131212723658052 0.0755467196819086
19 0.4584990059642148 0.5377733598409543 0.05144135188866798 0.05367793240556658
19 0.3925198807157058 0.5129224652087475 0.04473161033797218 0.03976143141153081
19 0.40761679920477134 0.45825049701789267 0.07492544731610344 0.049701789264413564
19 0.4562624254473161 0.4035785288270378 0.05591451292246525 0.05964214711729618
13 0.3024975149105368 0.29025844930417494 0.0726888667992048 0.5646123260437376
13 0.4042619284294235 0.2415506958250497 0.02124751491053672 0.07753479125248511
52 0.7045228628230618 0.20377733598409542 0.06933399602385677 0.3916500994035785
