6 0.22210507094860077 0.7848713994026184 0.1336306631565094 0.14792141318321228
20 0.47243255376815796 0.7705421447753906 0.052837371826171875 0.173842191696167
21 0.7268047332763672 0.5059422254562378 0.04875488206744194 0.1582212597131729
44 0.4224436581134796 0.6187188029289246 0.16582632064819336 0.19523128867149353
21 0.5798368298368298 0.5552965552965553 0.04545454545454547 0.0953120953120954
21 0.5192307692307693 0.4206164206164206 0.04545454545454547 0.1326081326081326
21 0.513986013986014 0.5242165242165242 0.041958041958042 0.09116809116809116
21 0.5582750582750583 0.5211085211085211 0.02797202797202793 0.11396011396011396
12 0.6538461538461539 0.5428645428645429 0.03263403263403262 0.09116809116809123
5 0.6247086247086248 0.48588448588448585 0.039627039627039624 0.22170422170422172
43 0.558857808857809 0.7220927220927221 0.1503496503496504 0.1554001554001551
