5 0.4473161033797217 0.48210735586481107 0.029075546719681853 0.12524850894632203
27 0.48533797216699803 0.6660039761431412 0.17668986083499008 0.24254473161033802
24 0.41935884691848907 0.7972166998011929 0.1341948310139165 0.1312127236580517
14 0.6469309145129225 0.8628230616302187 0.12189363817097408 0.09940357852882713
5 0.6021993041749504 0.6640159045725647 0.04361332007952292 0.19483101391650087
7 0.4747142147117296 0.2634194831013917 0.04361332007952292 0.1013916500994036
18 0.47135934393638174 0.35487077534791256 0.05703280318091458 0.08548707753479125
7 0.5543427552829446 0.3805130462128984 0.11294731610337964 0.05566600397614322
42 0.4070576540755467 0.2495029821073559 0.07380715705765412 0.2326043737574553
43 0.5546719681908548 0.5268389662027834 0.08275347912524858 0.05566600397614316
4 0.7212972166998013 0.46123260437375746 0.058151093439363706 0.12326043737574559
4 0.7967818091451293 0.28727634194831014 0.07492544731610337 0.10139165009940357
4 0.9052559642147118 0.28926441351888665 0.10847415506958243 0.06958250497017893
13 0.18284045725646128 0.5437375745526839 0.25161530815109345 0.848906560636183
