27 0.7186746001243591 0.7128932476043701 0.16072234511375427 0.23117828369140625
9 0.2904623746871948 0.5593928694725037 0.19794106483459473 0.6028488874435425
5 0.49274396896362305 0.1675521582365036 0.014186096377670765 0.08000992983579636
22 0.5236826449385071 0.3621392051930824 0.032955548956606504 0.11036276859886826
21 0.45927006307549834 0.3436914614699322 0.013412142017223516 0.042918854455115465
21 0.47172419494863455 0.3723040311066758 0.025291467803907324 0.027931317978725972
21 0.4745982253808967 0.3385820740347994 0.013412142017223587 0.03815009284899155
21 0.4916508059456524 0.3525477330241623 0.01456175419012837 0.045643861087186224
7 0.5709740458760889 0.3825228059769414 0.028357100264986956 0.04428135777115088
5 0.5818953615186853 0.18972858675793083 0.012645733901953662 0.06880641745978816
5 0.5464489861874514 0.18223481851973605 0.016860978535938285 0.07698143735600067
21 0.5134934372308451 0.1955192258510813 0.015328162305398366 0.03406258290088527
5 0.46310210365184795 0.15941288797614298 0.015711366363033365 0.0926502254904079
0 0.23175368035249755 0.10975565348225658 0.04829165213566114 0.1287777390284297
41 0.8925151209677419 0.6612903225806451 0.19959677419354846 0.22983870967741937
50 0.447391633064516 0.6502016129032255 0.309601814516129 0.4052419354838706
13 0.11057207661290322 0.3165322580645161 0.2052671370967742 0.6330645161290323
