44 0.5686771273612976 0.606719970703125 0.1778554618358612 0.22238701581954956
5 0.9114688634872437 0.5452210903167725 0.06958618015050888 0.1763475239276886
6 0.35339754819869995 0.753049373626709 0.1378416121006012 0.16809675097465515
21 0.6722712953051765 0.39818291946940704 0.046908188611269 0.1403711885213852
44 0.08624708624708624 0.7573167573167572 0.17249417249417248 0.35431235431235436
21 0.7377622377622379 0.5635845635845635 0.05594405594405586 0.12846412846412847
21 0.6649184149184149 0.5148925148925149 0.04778554778554778 0.10981610981610984
21 0.7132867132867133 0.5169645169645171 0.044289044289044316 0.13468013468013473
5 0.8001165501165503 0.5138565138565139 0.0664335664335664 0.26936026936026936
43 0.7033799533799532 0.7676767676767677 0.18764568764568762 0.1885521885521885
26 0.7255244755244753 0.7755762755762753 0.13403263403263407 0.10903910903910966
