0 0.45325854700854706 0.46343779677113006 0.08386752136752143 0.19753086419753083
5 0.25747863247863245 0.8395061728395062 0.05341880341880341 0.3000949667616334
5 0.15491452991452992 0.7749287749287749 0.06730769230769232 0.3817663817663818
16 0.0878739316239316 0.22554605887939222 0.17361111111111108 0.44919278252611583
41 0.688301282051282 0.6443494776828109 0.12873931623931617 0.1528964862298195
41 0.3231837606837607 0.5455840455840456 0.12927350427350426 0.1490978157644824
36 0.5528846153846153 0.674264007597341 0.0897435897435897 0.051282051282051384
4 0.5061431623931624 0.8095916429249763 0.14476495726495733 0.11870845204178536
55 0.37099358974358976 0.21367521367521367 0.09455128205128205 0.4178537511870845
55 0.46260683760683763 0.2298195631528965 0.08012820512820511 0.4577397910731244
55 0.546474358974359 0.2321937321937322 0.07585470085470092 0.4586894586894587
55 0.6348824786324786 0.23409306742640076 0.0860042735042736 0.46058879392212726
