0 0.4519230769230769 0.4615384615384616 0.08760683760683761 0.188034188034188
4 0.2518696581196581 0.741690408357075 0.1543803418803419 0.11965811965811966
5 0.1543803418803419 0.7758784425451093 0.06196581196581196 0.3817663817663817
16 0.08814102564102563 0.2274453941120608 0.17628205128205127 0.452991452991453
41 0.6885683760683762 0.647198480531814 0.1314102564102565 0.15289648622981963
41 0.32478632478632474 0.5451092117758785 0.12499999999999996 0.157644824311491
36 0.5536858974358974 0.6737891737891738 0.09027777777777779 0.05033238366571709
55 0.3699252136752137 0.2150997150997151 0.0966880341880342 0.4301994301994302
55 0.46233974358974356 0.22174738841405506 0.07211538461538466 0.44159544159544156
55 0.5459401709401709 0.2321937321937322 0.07692307692307701 0.4586894586894587
55 0.6391559829059829 0.23599240265906932 0.08279914529914535 0.45868945868945865
