0 0.379144549369812 0.862836480140686 0.1325240135192871 0.2722567617893219
21 0.5502398610115051 0.10792548209428787 0.09304466098546982 0.21537412703037262
0 0.5163170163170163 0.8273504297216455 0.2144522144522144 0.3451955499379815
6 0.671911421911422 0.8847448847448848 0.08741258741258746 0.11603211603211605
44 0.23892773892773897 0.7894327894327895 0.16550116550116548 0.2652162652162652
21 0.23018648018648016 0.07873607873607874 0.09207459207459205 0.15747215747215748
21 0.3304195804195804 0.1036001036001036 0.06177156177156177 0.19476819476819476
21 0.4411421911421911 0.10670810670810672 0.11072261072261078 0.18026418026418028
44 0.6678321678321677 0.13157213157213157 0.1258741258741258 0.15954415954415954
44 0.8181818181818181 0.13468013468013468 0.16550116550116542 0.2154882154882155
