24 0.4109716699801193 0.8051689860834991 0.11518389662027836 0.14711729622266403
27 0.4847788270377734 0.6749502982107356 0.1845178926441352 0.2803180914512922
5 0.4529075546719682 0.48409542743538764 0.03131212723658059 0.12524850894632208
5 0.5172092445328031 0.30616302186878724 0.032430417495029715 0.16302186878727634
7 0.4747142147117296 0.2664015904572565 0.045849900596421446 0.10337972166998015
18 0.4724776341948311 0.36182902584493043 0.052559642147117315 0.07157057654075544
7 0.5719965625169908 0.36603927126292796 0.11630218687872755 0.059642147117296346
42 0.3695949304174951 0.25646123260437376 0.059269383697813184 0.23459244532803183
42 0.41712226640159045 0.23061630218687873 0.06262425447316104 0.2862823061630219
4 0.7140283300198809 0.4662027833001989 0.06821570576540764 0.11729622266401599
4 0.7990183896620278 0.2813121272365805 0.07268886679920471 0.11729622266401592
4 0.9175571570576543 0.2753479125248509 0.1375497017892643 0.13320079522862818
13 0.20744284294234597 0.4970178926441352 0.2068836978131213 0.9224652087475149
14 0.652522365805169 0.8528827037773358 0.13531312127236575 0.1312127236580517
34 0.6245651093439365 0.731610337972167 0.04361332007952292 0.06361829025844927
43 0.5501988071570577 0.5268389662027834 0.08051689860834983 0.06759443339960242
