4 0.7246520874751491 0.47216699801192846 0.06486083499005943 0.11729622266401592
4 0.7995775347912526 0.2713717693836978 0.07604373757455278 0.11332007952286283
4 0.8951913518886682 0.28230616302186884 0.0838717693836979 0.07952286282306165
18 0.4752733598409543 0.3449304174950298 0.06486083499005972 0.08151093439363816
5 0.5138543737574552 0.3081510934393638 0.032430417495029784 0.17892644135188868
5 0.4461978131212724 0.4860834990059642 0.03578528827037772 0.11729622266401585
27 0.4766143893343044 0.7027512475267038 0.1550746517972298 0.2607335833112454
24 0.4165631212723659 0.8091451292246521 0.11071073558648116 0.14711729622266403
34 0.6200919483101391 0.7485089463220675 0.034666998011928386 0.08548707753479136
13 0.23595924453280323 0.5119284294234592 0.21471172962226645 0.908548707753479
7 0.5757660588769056 0.3764624460243428 0.10735586481113313 0.043163901794597746
43 0.6426960746786073 0.8342332779746039 0.11742047713717685 0.10337972166998004
43 0.5574676938369781 0.5278330019880716 0.08834493041749504 0.06560636182902592
