5 0.5685940384864807 0.04922761023044586 0.01721089705824852 0.07704723626375198
41 0.8777721774193549 0.6502016129032258 0.20640120967741937 0.2762096774193548
13 0.15366683467741937 0.21975806451612903 0.2166078629032258 0.43951612903225806
22 0.5640905380538499 0.2516824190538579 0.050043829835127555 0.11940282206276048
20 0.4986688024701465 0.2399894977129391 0.018075003361053135 0.05369114922439419
36 0.5261245037780754 0.2796477329355031 0.03454842414581052 0.03864135739634428
5 0.5970471046920028 0.05084389131097935 0.016702218295656764 0.09599326679512901
5 0.5050705053104412 0.028879330264636273 0.014871838208461411 0.057758660529272546
5 0.5206287360516008 0.03335359270000246 0.013956648164863807 0.06589368313902924
5 0.628621161196121 0.0982303980128121 0.042785134538188954 0.032133339308538955
21 0.5830904565271389 0.07179157453110284 0.011668673055869832 0.03864135739634429
21 0.5157095895672635 0.22574687742074834 0.017388610828354984 0.046369628875613175
21 0.49065626212377844 0.21110383672318625 0.011211078034070994 0.041488615309759176
21 0.505871296598589 0.20012155620001473 0.015100635719360796 0.030913085917075412
21 0.5272638638676839 0.23286502220428537 0.016244623273858068 0.04352237096219831
7 0.6113648147349983 0.28786989023081505 0.023700133003240788 0.03734566412631909
