27 0.7418065667152405 0.667815625667572 0.18056507408618927 0.2541016638278961
9 0.18277055025100705 0.4613252589779517 0.2234860360622406 0.658619163497802
5 0.4702281951904297 0.048326343297958374 0.0160688403993845 0.09174762666225433
9 0.32128918170928955 0.9165027737617493 0.1578534096479416 0.15676772594451904
22 0.4982464909553528 0.26255905628204346 0.03392791748046875 0.112523652613163
41 0.8800403225806451 0.6038306451612904 0.19732862903225792 0.24395161290322576
5 0.5264264048953994 0.07033879039769159 0.0200614155711726 0.08652001447978964
5 0.5643201898631699 0.08057589134759036 0.015603323222023064 0.07397131008959115
21 0.49243345073313477 0.07925497509599051 0.018946892483885237 0.0409484037995951
5 0.4381933271518163 0.04689252693179439 0.020432923266935105 0.08982230510878925
21 0.4417747559531162 0.2697636589109655 0.030510425034165536 0.035628731630310995
20 0.40513233373071145 0.25726701423466236 0.017648187029566317 0.06274910943845818
7 0.5482621217586352 0.2878439107830636 0.031108668662286548 0.05370898350240914
21 0.4314550533680308 0.2346666993945397 0.018246430657687183 0.04520062968024529
21 0.448355435862446 0.23546435756536754 0.0143578470749015 0.03935113642750764
21 0.46480713563577053 0.24982220464026894 0.015554334331143237 0.04892303447744187
