9 0.2572750449180603 0.5976108312606812 0.19745035469532013 0.5475053787231445
27 0.9602987170219421 0.5959761738777161 0.0783897414803505 0.25504642724990845
5 0.5509081482887268 0.1360839456319809 0.01986255683004856 0.11384464055299759
0 0.5642011088709676 0.3578629032258064 0.15763608870967744 0.18749999999999997
50 0.6209047379032258 0.47782258064516125 0.3322832661290323 0.4717741935483871
13 0.13892389112903225 0.2439516129032258 0.26197076612903225 0.46774193548387094
20 0.578019654491889 0.17329479943501688 0.018135243263248172 0.06515254061240955
20 0.5953992626191683 0.1806832318755994 0.013601432447435897 0.058435783848243654
21 0.5138318924586937 0.1272825406809444 0.019646513535185334 0.05843578384824362
21 0.5332894972098869 0.1296334055484025 0.017001790559295103 0.06448086493599298
7 0.6600472912686308 0.1695981082951898 0.033247945982621305 0.04365891896707854
22 0.625860041722336 0.15345500434495618 0.035009076975002246 0.13324268419906993
