17 0.33275058275058256 0.8319088319088318 0.23892773892773864 0.2548562548562548
5 0.7336829836829831 0.6547526547526548 0.07575757575757537 0.25278425278425287
0 0.688228438228438 0.2952602952602952 0.15034965034965014 0.30044030044030046
5 0.8601398601398603 0.11292411292411292 0.05128205128205124 0.20098420098420097
50 0.7587412587412579 0.7444962444962435 0.48251748251748083 0.5110075110075103
45 0.4026806526806526 0.22584822584822584 0.1223776223776224 0.4516964516964517
45 0.5646853146853148 0.26107226107226106 0.21095571095571125 0.5138565138565138
4 0.522144522144522 0.29526029526029524 0.0792540792540795 0.09324009324009325
19 0.28333720595896283 0.2649458220703731 0.061211153259750975 0.041351534646587355
19 0.3357747605848161 0.33749237408192984 0.059170781484425915 0.06746829337074775
