9 0.7123650908470154 0.22943437099456787 0.18119938671588898 0.35880246758461
17 0.5122377622377623 0.6454286454286455 0.15034965034965042 0.2175602175602175
21 0.41899766899766905 0.8453768453768454 0.06643356643356647 0.14504014504014492
0 0.7062937062937062 0.2444962444962445 0.14452214452214449 0.2817922817922818
4 0.5477855477855478 0.2569282569282569 0.0722610722610722 0.0704480704480705
50 0.7785547785547786 0.6926961926961924 0.44289044289044277 0.6146076146076144
45 0.43065268065268064 0.21341621341621342 0.1247086247086247 0.41025641025641024
45 0.5786713286713286 0.24760424760424748 0.1899766899766898 0.4869204869204867
19 0.31901963877923567 0.2561092789547571 0.06229774177915481 0.040780606160342535
19 0.37238320828773636 0.3196350387966465 0.05760643896522069 0.05703152440468959
