5 0.27662479877471924 0.06780998408794403 0.038498591631650925 0.13358314335346222
50 0.21386946386946387 0.5791245791245789 0.3997668997668998 0.6692566692566689
27 0.805944055944056 0.5760165760165761 0.23193473193473196 0.14504014504014498
2 0.8307057833685048 0.29419731883457495 0.15585991917352857 0.14712440747943706
0 0.7092074592074593 0.8398083398083398 0.18531468531468534 0.32038332038332046
20 0.3340088596207078 0.1077316297371617 0.02081179210831536 0.07037015545120999
7 0.3652265477831807 0.08415400033340578 0.048968922607800704 0.04933165536785856
22 0.2327593340620782 0.0711514260113344 0.049282825957850725 0.1423028520226688
20 0.18143613632890288 0.10268127361635719 0.025112268004000456 0.05245673760835639
36 0.17751234445327782 0.06194359440986765 0.06497799346035103 0.027902520004444896
