5 0.2848147451877594 0.36086222529411316 0.04287772253155708 0.1799159049987793
5 0.13381753861904144 0.0729096457362175 0.030677430331707 0.14291183650493622
9 0.20147165656089783 0.6680765748023987 0.40268030762672424 0.6520756483078003
20 0.33333333333333326 0.42994042994042997 0.03030303030303031 0.08909608909608913
36 0.15384615384615385 0.4775964775964776 0.05594405594405593 0.07252007252007253
22 0.18589743589743588 0.372960372960373 0.06643356643356647 0.15332815332815336
50 0.737179487179487 0.7621082621082617 0.5256410256410255 0.4757834757834754
5 0.20709773519549082 0.0924968538147348 0.021627940818445344 0.10229063833629494
5 0.22770549012627364 0.07617387961213452 0.029381353564680454 0.13928937986218887
21 0.26116758724160416 0.11208442285785511 0.02121986646338037 0.05150805192820524
5 0.337069417283695 0.12913286258057063 0.06365959939014132 0.031920482885084894
21 0.219339965847441 0.26261851828183524 0.02652483307922541 0.02466582768392932
7 0.38481411682630023 0.37325201009945885 0.05223351744832062 0.05295898296843586
21 0.22506214768390456 0.37602714375356433 0.018771420332990233 0.05513537952878306
