44 0.26017011834319526 0.5581854043392505 0.18306213017751477 0.20118343195266264
44 0.270155325443787 0.7021696252465484 0.13202662721893493 0.1222879684418146
43 0.23021449704142008 0.8806706114398424 0.22522189349112423 0.22682445759368833
6 0.4304733727810651 0.7209072978303748 0.11316568047337278 0.13214990138067065
21 0.5036982248520708 0.6627218934911244 0.06434911242603554 0.09072978303747532
5 0.6279585798816568 0.5680473372781065 0.06213017751479292 0.29191321499013806
21 0.11372041420118344 0.5463510848126233 0.05436390532544378 0.1499013806706114
21 0.12204142011834318 0.6863905325443787 0.053254437869822466 0.13017751479289905
5 0.07488905325443787 0.6715976331360948 0.08099112426035504 0.2781065088757396
6 0.9554363905325444 0.7909270216962525 0.08912721893491124 0.09861932938856015
44 0.9604289940828403 0.6666666666666667 0.07914201183431956 0.1656804733727811
