44 0.45876479289940825 0.7268244575936884 0.11205621301775154 0.1558185404339251
44 0.6312869822485208 0.7761341222879685 0.13757396449704146 0.15581854043392496
21 0.2024778106508876 0.9447731755424065 0.08321005917159763 0.09467455621301767
6 0.6246301775147929 0.8570019723865877 0.07766272189349109 0.0729783037475346
6 0.6307322485207101 0.9082840236686391 0.08764792899408298 0.05719921104536482
6 0.8931213017751479 0.9289940828402367 0.10650887573964496 0.1262327416173571
21 0.9585798816568046 0.8925049309664694 0.06878698224852059 0.10453648915187387
21 0.9654215976331361 0.1037475315071422 0.06915680473372789 0.18777119713657237
44 0.832655325443787 0.14694280078895464 0.1542159763313609 0.10453648915187375
44 0.718380177514793 0.14595660749506903 0.09430473372781066 0.09861932938856018
44 0.757766272189349 0.036489151873767264 0.11316568047337285 0.07297830374753453
