6 0.4862416684627533 0.6903637647628784 0.11689958721399307 0.14081929624080658
21 0.34597769379615784 0.7000476121902466 0.0926980972290039 0.13529770076274872
5 0.7559925317764282 0.4913541376590729 0.052355386316776276 0.2596212327480316
12 0.7262851316612084 0.5971153397320528 0.060433821557284946 0.12648649513721463
12 0.813005138110448 0.6253051757812496 0.06863822803630724 0.12602895498275749
5 0.6940444707870483 0.5222598314285278 0.0482419952750206 0.11574890464544296
21 0.8822843822843822 0.5148925148925149 0.058275058275058314 0.1885521885521885
21 0.9219114219114215 0.5449365449365451 0.06293706293706308 0.18233618233618237
43 0.7004662004662005 0.7262367262367263 0.18181818181818193 0.16783216783216787
43 0.5862470862470863 0.5604765604765605 0.16550116550116548 0.29215229215229216
