27 0.786853015422821 0.6859301924705505 0.17798443138599396 0.2476450651884079
5 0.5330044031143188 0.20632265508174896 0.019933700561523438 0.10825382173061371
50 0.24042338709677416 0.5614919354838704 0.3787802419354838 0.542338709677419
17 0.3935231854838709 0.8911290322580645 0.19279233870967738 0.20967741935483872
20 0.5605016610893441 0.2561463183897994 0.017245819534424528 0.05568718144449111
20 0.5437837748059733 0.24644798903710707 0.011966487023886429 0.05881567478406922
21 0.4941580492069149 0.1973306436057301 0.01900559703793732 0.054435784108659784
21 0.5122837574930957 0.2020233836150973 0.015134086530209317 0.06256986679156303
7 0.6275491839731783 0.2517664277143899 0.032379906064633916 0.05193298943699727
5 0.6428467220331927 0.02846928939016117 0.012318442524589059 0.05693857878032234
21 0.5626008678730132 0.02127375470913142 0.017949730535829714 0.04254750941826284
