54 0.6110552549362183 0.7339919209480286 0.2533945143222809 0.47808265686035156
9 0.8204784393310547 0.51417475938797 0.18143901228904724 0.47575700283050537
17 0.3646043346774194 0.8336693548387096 0.22114415322580647 0.1955645161290323
50 0.15650201612903225 0.7439516129032258 0.3130040322580645 0.4919354838709677
0 0.8193674395161287 0.3941532258064515 0.1372227822580647 0.23588709677419348
45 0.5982232862903225 0.36592741935483875 0.10093245967741943 0.38508064516129026
45 0.7241053427419354 0.3850806451612903 0.16897681451612911 0.5564516129032258
13 0.30733366935483863 0.20463709677419348 0.17011088709677405 0.40927419354838696
13 0.5120337701612903 0.19657258064516137 0.13268649193548365 0.39314516129032273
41 0.22284526209677413 0.4233870967741935 0.13268649193548399 0.11693548387096779
36 0.14605061066065297 0.390394987028911 0.07791550689094713 0.07056498737293325
19 0.46871812793201856 0.4138070247178185 0.05243370589516566 0.04007394344635713
19 0.5309525265178694 0.44299130961896993 0.04851342881889167 0.0479144975989054
19 0.49567003283140265 0.429923719364723 0.047533359549823115 0.03397573466104191
