27 0.48198310139165007 0.6858846918489065 0.1610337972166998 0.2743538767395626
5 0.44396123260437376 0.5 0.03131212723658052 0.14512922465208747
18 0.47471421471172964 0.36083499005964215 0.06597912524850898 0.08548707753479125
7 0.46241302186878724 0.2654075546719682 0.04361332007952292 0.11729622266401588
7 0.5509849272484781 0.3699872465665168 0.10708420165687539 0.07753479125248518
4 0.7252112326043738 0.47514910536779326 0.06597912524850884 0.09940357852882713
4 0.7962226640159045 0.283300198807157 0.06709741550695825 0.10139165009940353
4 0.8985462226640161 0.29025844930417494 0.11294731610337991 0.06759443339960239
14 0.6391028827037774 0.8330019880715708 0.13083996023856856 0.09542743538767397
24 0.6575546719681908 0.7276341948310139 0.0648608349900595 0.08747514910536779
42 0.5915755467196819 0.6262425447316103 0.06933399602385677 0.21868787276341942
43 0.540134194831014 0.5278330019880716 0.05144135188866798 0.04174950298210731
13 0.1811630218687873 0.4840954274353877 0.23036779324055673 0.9363817097415508
