44 0.07007952034473419 0.4557061195373535 0.14015904068946838 0.16848361492156982
6 0.5734293460845947 0.7694827318191528 0.12238270789384842 0.1575402170419693
6 0.05342421680688857 0.565225287488445 0.10653619468212126 0.0976185633964224
18 0.06643356643356642 0.5646205646205646 0.058275058275058286 0.055944055944056006
43 0.3129370629370629 0.8391608391608392 0.22494172494172485 0.2569282569282572
21 0.5192307692307697 0.657860657860658 0.07808857808857812 0.1056721056721059
44 0.7966200466200465 0.6775446775446775 0.20629370629370627 0.31494431494431496
44 0.7546620046620053 0.8495208495208497 0.1503496503496505 0.19476819476819535
21 0.9731934731934727 0.7579383603095757 0.05361305361305326 0.17321937796180925
55 0.4254079254079254 0.34291634291634293 0.5174825174825175 0.6858326858326859
