6 0.3897972106933594 0.6505546569824219 0.11414699256420135 0.12950026988983154
44 0.5836735963821411 0.5560901761054993 0.1588861495256424 0.18977725505828857
5 0.8116603163016701 0.49299179519652325 0.07183883803742507 0.23238084206106227
44 0.11655011655011645 0.5905205905205906 0.2331002331002329 0.2403522403522405
47 0.46620046620046623 0.8557368557368557 0.044289044289044316 0.09945609945609946
43 0.6975524475524475 0.7034447034447036 0.16899766899766902 0.16783216783216787
21 0.7033799533799534 0.38746438746438744 0.038461538461538394 0.1326081326081326
21 0.6952214452214451 0.4807044807044807 0.043123543123543155 0.10774410774410768
21 0.7529137529137528 0.5387205387205387 0.04895104895104893 0.12017612017612017
12 0.8432400932400932 0.5407925407925408 0.038461538461538394 0.09531209531209534
21 0.8921911421911424 0.5014245014245015 0.04079254079254085 0.19062419062419061
