5 0.4411655069582505 0.5019880715705766 0.04137673956262425 0.15705765407554673
13 0.14873260437375754 0.5149105367793244 0.286282306163022 0.8787276341948318
4 0.7224155069582505 0.47713717693836977 0.06262425447316104 0.10337972166998015
4 0.8012549701789266 0.279324055666004 0.06374254473161031 0.09343936381709743
4 0.8890407554671969 0.2952286282306163 0.08499005964214718 0.061630218687872794
27 0.485337972166998 0.7087475149105367 0.17445328031809149 0.2047713717693838
24 0.6816754530297987 0.70896802363288 0.049536437058204895 0.06838240589582768
34 0.6066724652087475 0.7375745526838966 0.034666998011928386 0.05964214711729625
43 0.550091228973239 0.5210837133192299 0.07716202783300194 0.06116589375460058
14 0.6355239605843359 0.8627984263273434 0.11900056358843901 0.07850614950468715
