6 0.5326038599014282 0.7655003666877747 0.09617958217859268 0.1032545268535614
21 0.4524748921394348 0.7352383732795715 0.06277446448802948 0.09124755859375
6 0.05697120353579521 0.9474616050720215 0.11394240707159042 0.10222490131855011
5 0.7989219427108765 0.660054087638855 0.05873711779713631 0.2374243289232254
6 0.03210873529314995 0.8440812826156616 0.06388149410486221 0.15382012724876404
18 0.05769230769230771 0.9344729344729344 0.0664335664335664 0.05387205387205398
44 0.6625874125874125 0.5925925925925927 0.1363636363636364 0.17404817404817408
44 0.6520979020979021 0.717948717948718 0.10139860139860148 0.10152810152810161
43 0.726107226107226 0.8453768453768453 0.1771561771561771 0.1491841491841491
55 0.2593240093240093 0.3936803936803937 0.5163170163170163 0.774928774928775
21 0.7534339346139711 0.5663566284159894 0.0331560177024366 0.1178880629419968
21 0.7596218160984555 0.6803382158731552 0.03943821053026682 0.10237647571278664
12 0.8339489067387053 0.7824840040343597 0.0447805059067445 0.12373087575839534
