21 0.42212581634521484 0.11205238848924637 0.06062030792236328 0.2215362936258316
21 0.16181132197380066 0.10984379798173904 0.08922536671161652 0.21709340810775757
21 0.2703962703962704 0.10981610981610981 0.05827505827505828 0.2072002072002072
21 0.34673659673659674 0.12121212121212122 0.07808857808857805 0.20512820512820512
21 0.2261072261072261 0.11914011914011914 0.034965034965034926 0.1761201761201761
22 0.37121212121212127 0.7604247604247604 0.08508158508158509 0.2154882154882155
6 0.534965034965035 0.7345247345247345 0.06293706293706293 0.07666407666407679
44 0.18298368298368295 0.891996891996892 0.1748251748251748 0.18440818440818446
44 0.18589743589743588 0.7376327376327376 0.1503496503496503 0.17404817404817408
44 0.30536130536130535 0.7428127428127428 0.0769230769230769 0.1471121471121471
44 0.6025641025641026 0.13468013468013468 0.10489510489510487 0.17404817404817408
44 0.5052447552447553 0.14607614607614608 0.0920745920745921 0.1388241388241388
