6 0.4109134078025818 0.6952740550041199 0.12199077755212784 0.14583079516887665
21 0.2977486848831177 0.6960188150405884 0.09327401965856552 0.13591347634792328
5 0.6674107909202576 0.4614749550819397 0.054359182715415955 0.2576847970485687
44 0.5340610146522522 0.44089141488075256 0.1672860085964203 0.1974063217639923
12 0.7403952793363646 0.586714208126068 0.056201794764378275 0.1223644688725471
21 0.6156626343727112 0.49454525113105774 0.04266376420855522 0.11169958859682083
43 0.6410256410256409 0.7117327117327116 0.19813519813519803 0.1802641802641802
21 0.8362470862470863 0.492100492100492 0.05477855477855471 0.18855218855218847
21 0.7896270396270395 0.46930846930846926 0.04778554778554778 0.1636881636881637
44 0.5273892773892771 0.5998445998445999 0.1177156177156177 0.11396011396011423
55 0.18473193473193472 0.38435638435638436 0.36946386946386944 0.7687127687127687
