24 0.42606858846918494 0.8071570576540756 0.13866799204771368 0.11133200795228632
27 0.4881336978131213 0.6739562624254473 0.17109840954274355 0.2544731610337972
5 0.4467569582504971 0.49005964214711734 0.02795725646123259 0.13320079522862827
7 0.4702410536779324 0.2753479125248509 0.04137673956262425 0.11332007952286287
7 0.5521370940131564 0.3752598223589844 0.10288270377733594 0.0457256461232605
4 0.7252112326043738 0.47713717693836977 0.05703280318091458 0.11133200795228632
4 0.7990183896620279 0.28628230616302186 0.07045228628230632 0.11133200795228625
4 0.8946322067594434 0.29324055666003973 0.10735586481113316 0.07753479125248511
13 0.15991550695825052 0.5089463220675944 0.25049701789264417 0.8906560636182903
34 0.6178553677932406 0.7365805168986084 0.04137673956262418 0.06560636182902585
14 0.6395885806531454 0.8940185241100329 0.1431411530815107 0.1053677932405569
