9 0.15297332406044006 0.39201781153678894 0.2569638192653656 0.5615493655204773
9 0.48045611944231953 0.3507287800312042 0.11361046135425568 0.3374718129634857
54 0.2478889524936676 0.7033591866493225 0.2565184533596039 0.41217872500419617
49 0.4184128940105438 0.4996543526649475 0.10304899513721466 0.2505737841129303
5 0.8872308731079102 0.1317588835954666 0.03800773620605469 0.15685883164405823
50 0.7505827505827506 0.5915565915565916 0.4009324009324009 0.5615125615125617
22 0.9780003917558946 0.17880390236519106 0.04399921648821092 0.1385927340518508
20 0.9195347742438129 0.19185720191439337 0.017740220724962417 0.05606785809370402
20 0.9426956179680682 0.2010558348828917 0.018725788543014342 0.06570452120355937
55 0.2127039627039627 0.15643615643615644 0.25990675990675993 0.3128723128723129
