0 0.453258547008547 0.46296296296296297 0.08600427350427353 0.18708452041785378
5 0.15544871794871795 0.7735042735042735 0.06410256410256408 0.3846153846153845
16 0.08814102564102563 0.2264957264957265 0.17628205128205127 0.452991452991453
36 0.5531517094017094 0.6771130104463439 0.09027777777777779 0.056980056980057016
41 0.688301282051282 0.6500474833808169 0.1340811965811966 0.14719848053181386
41 0.3250534188034188 0.5489078822412156 0.12767094017094022 0.1500474833808167
55 0.37072649572649574 0.21794871794871795 0.09722222222222214 0.4301994301994302
55 0.4634081196581197 0.22792022792022792 0.07532051282051284 0.45394112060778724
55 0.5443376068376068 0.22934472934472935 0.07692307692307701 0.4491927825261159
55 0.6407585470085471 0.22934472934472935 0.08386752136752143 0.4586894586894587
