0 0.45 0.45739644970414206 0.09319526627218934 0.1952662721893491
41 0.6866494082840237 0.6461538461538461 0.1218195266272189 0.14911242603550284
41 0.32385355029585794 0.5479289940828401 0.12448224852071002 0.1538461538461538
5 0.15377218934911244 0.778698224852071 0.06923076923076922 0.39526627218934907
5 0.2576183431952663 0.8366863905325443 0.053254437869822514 0.29349112426035506
36 0.5528476331360946 0.6733727810650888 0.0898668639053254 0.0568047337278108
16 0.08867521367521367 0.22317188983855651 0.17307692307692307 0.4444444444444444
55 0.3744658119658119 0.22079772079772078 0.09188034188034187 0.43779677113010446
55 0.4628739316239316 0.22792022792022792 0.08066239316239311 0.4368471035137702
55 0.5502136752136753 0.2345679012345679 0.08226495726495735 0.46533713200379867
55 0.6378205128205129 0.24026590693257358 0.08974358974358979 0.47673314339981004
