16 0.08814102564102563 0.2217473884140551 0.17307692307692307 0.4434947768281102
5 0.15357905982905984 0.7768281101614436 0.06463675213675214 0.3836657169990503
5 0.5702457264957266 0.7146248812915479 0.035790598290598295 0.23076923076923067
0 0.4551282051282051 0.46438746438746437 0.08333333333333336 0.188034188034188
41 0.6880341880341879 0.6467236467236468 0.12927350427350418 0.15194681861348536
36 0.5523504273504273 0.6756885090218424 0.08974358974358979 0.05603038936372272
41 0.3266559829059829 0.5465337132003799 0.12553418803418803 0.15669515669515668
55 0.37072649572649574 0.21082621082621084 0.09722222222222214 0.4197530864197531
55 0.46207264957264954 0.21652421652421652 0.07478632478632484 0.43114909781576444
55 0.5478098290598291 0.23076923076923075 0.07638888888888892 0.45204178537511874
55 0.6295405982905983 0.21889838556505226 0.07104700854700845 0.42450142450142453
