27 0.9323453307151794 0.6950691342353821 0.1345277726650238 0.2513585388660431
9 0.5060670971870419 0.43595013503105406 0.16687431931495675 0.5545768045609996
5 0.7260105013847351 0.0688735842704773 0.018241118639707565 0.09143360704183578
22 0.7488785982131958 0.28498443961143494 0.0382726676762104 0.1155150979757309
0 0.24892893145161288 0.4858870967741935 0.098664314516129 0.1854838709677419
55 0.08562247983870969 0.14818548387096775 0.17124495967741937 0.2963709677419355
13 0.3617691532258064 0.25907258064516125 0.16330645161290328 0.5100806451612904
50 0.6662676411290324 0.5635080645161284 0.33001512096774194 0.3770161290322577
0 0.4644027217741935 0.03629032258064516 0.04196068548387089 0.07258064516129031
21 0.6873917307756776 0.28672293493774015 0.029559659490165018 0.040565302692156135
21 0.7488447070841784 0.10371810347426294 0.01555771552113967 0.03595560920441114
5 0.7851460433001703 0.09173290040612589 0.020743620694852614 0.0931158084524494
5 0.82637398943119 0.10095228738161591 0.015039125003768134 0.07836478929166533
5 0.692318340690705 0.06407473947965577 0.0228179827643379 0.09311580845244938
21 0.7115111981687923 0.2700584320019744 0.01739276147431241 0.04976262310706076
21 0.678356246608384 0.2555644641067139 0.016849237678240172 0.04879635858071001
21 0.6949337223885883 0.2558060302383016 0.015218666290023322 0.0434819036857812
7 0.8021052420536455 0.30872151616904664 0.029622046885938433 0.048313226317534694
20 0.6511415076945738 0.27804261745741216 0.01739276147431255 0.06618912005502256
