41 0.1217948717948718 0.7096607096607097 0.2296037296037296 0.32530432530432535
33 0.434149184149184 0.4195804195804196 0.03613053613053643 0.46205646205646206
45 0.7878787878787871 0.6599326599326599 0.2470862470862466 0.6568246568246568
45 0.925990675990676 0.6574721574721575 0.14801864801864797 0.685055685055685
13 0.32284382284382285 0.32530432530432535 0.24941724941724938 0.6464646464646465
13 0.650932400932401 0.3512043512043512 0.23193473193473188 0.6899766899766899
19 0.5265206535677538 0.591677637094617 0.09249174907885667 0.06738925251647103
19 0.5746618508342078 0.6304264572915879 0.07202226362697857 0.0788454254442712
19 0.6174961444649899 0.657045212035594 0.06216658544644474 0.060650327264824
19 0.655781663550909 0.6995004411209707 0.0788454254442705 0.07817153291910665
