5 0.3732542395591736 0.5630901455879211 0.07014121860265732 0.2935406267642975
6 0.5702639222145081 0.7227684855461121 0.10963525623083115 0.12723225355148315
21 0.49862587451934814 0.6633920073509216 0.07086817175149918 0.10204111784696579
6 0.04521428793668747 0.8217746019363403 0.09000929445028305 0.15980970859527588
5 0.911612331867218 0.7099480628967285 0.06380996853113174 0.2244952768087387
21 0.8886946386946387 0.5407925407925408 0.045454545454545324 0.15332815332815336
21 0.881118881118881 0.6775446775446775 0.058275058275058314 0.12432012432012435
43 0.7703962703962701 0.8833203833203833 0.22377622377622383 0.23335923335923323
44 0.7435897435897435 0.5511525511525511 0.1864801864801865 0.21963221963221963
44 0.7284382284382284 0.6910126910126909 0.125874125874126 0.13882413882413885
18 0.04195804195804196 0.7842527842527842 0.06293706293706293 0.07252007252007259
55 0.30594405594405594 0.315980315980316 0.5396270396270396 0.6236726236726237
