27 0.4831013916500994 0.6858846918489065 0.19234592445328041 0.26640159045725653
24 0.6642644135188867 0.7345924453280318 0.06709741550695825 0.069582504970179
34 0.612263916500994 0.7425447316103378 0.03690357852882706 0.05765407554671967
42 0.589898111332008 0.6133200795228627 0.08163518886679917 0.20874751491053672
43 0.5446073558648112 0.5178926441351889 0.06933399602385691 0.05765407554671967
5 0.44843439363817095 0.48409542743538764 0.03802186878727632 0.12524850894632208
18 0.461294731610338 0.3508946322067594 0.06150596421471171 0.08548707753479125
4 0.5448686577608279 0.3682767804768965 0.09952783300198784 0.07157057654075534
4 0.7123508946322068 0.4662027833001989 0.06709741550695839 0.11729622266401599
4 0.7923086481113321 0.28230616302186884 0.08163518886679924 0.1073558648111332
4 0.8879224652087475 0.290258449304175 0.08499005964214718 0.0636182902584493
13 0.16382952286282307 0.49204771371769385 0.27845427435387676 0.9284294234592445
14 0.6391028827037775 0.8578528827037774 0.12860337972167002 0.12524850894632208
