9 0.6275554895401005 0.5717496737357105 0.1737516373395919 0.5113529832132394
13 0.36063508064516125 0.31048387096774194 0.17918346774193544 0.6209677419354839
55 0.08505544354838708 0.24596774193548387 0.1633064516129032 0.4717741935483871
55 0.9167716733870966 0.24213709369782477 0.16645665322580655 0.48427418739564954
0 0.45747756477064416 0.15562799177914646 0.03037698730616562 0.11176383348973787
5 0.740111033969452 0.38732121450637996 0.02471613842569596 0.13832900518085
5 0.7641406129944344 0.21644420810650644 0.012358069212848193 0.08299740310851
5 0.7350762650308843 0.22091955827412213 0.011900362945705324 0.06590970246852262
5 0.673743625233787 0.1989496574512813 0.011900362945705324 0.09194810344374148
5 0.6861016944466348 0.21034145787793954 0.010984950411420441 0.07730150289518085
5 0.7954934922936968 0.2526538594626701 0.041193564042826696 0.02685210100569446
21 0.74903932025665 0.23776523650711717 0.014175942450140012 0.03635651542768173
21 0.5968999207508147 0.041487066068445023 0.023122378565669118 0.04034522021335021
21 0.5716365812068412 0.03387476036781282 0.02740430052227552 0.06318213731524638
20 0.7585424746126737 0.4369463472162823 0.014130342456798388 0.05480860104455104
20 0.7131541018726548 0.43390142493602946 0.015843111239440474 0.04415137306366603
22 0.70951446820954 0.3920337435825529 0.032542606870202204 0.09439259068783791
7 0.7940824268524996 0.43504327079112415 0.027832492717936076 0.043390142493602894
21 0.662199230589049 0.3848020531669523 0.017555880022082845 0.03882275907322363
21 0.6843879697807508 0.38608655360284116 0.014930690940109912 0.03240369289166701
