5 0.2823925018310547 0.34408214688301086 0.04539187625050545 0.18325316905975342
20 0.5713813900947571 0.5549780130386353 0.03359641879796982 0.1046958640217781
5 0.12287703156471252 0.06460278481245041 0.033696699887514114 0.12731850147247314
20 0.3228438228438229 0.401968401968402 0.023310023310023312 0.08702408702408697
50 0.741841491841492 0.7507122507122507 0.5163170163170163 0.49857549857549854
9 0.21153846153846156 0.6771561771561773 0.41841491841491846 0.6456876456876458
36 0.15209790209790208 0.4693084693084693 0.0664335664335664 0.07252007252007255
22 0.18077693929379784 0.36091909625749435 0.06692419423066098 0.16613160410646452
21 0.2205641889126357 0.36527188937818705 0.024076386948835495 0.0703701554512103
21 0.2132188505214659 0.24665827683929278 0.03060557662987545 0.026116758724160468
7 0.384406042471236 0.3562035703767434 0.05631426099897091 0.05803724160924539
21 0.25504647191562907 0.09104592277450366 0.022852163883640343 0.057311776089129796
5 0.19873221091665816 0.06891922441097886 0.02774905614442048 0.11317262113802844
5 0.21852381713731098 0.06275276748999654 0.029789427919745464 0.1211527418592997
5 0.33400885962070775 0.10301610385641052 0.07059686342624609 0.020313034563235882
