0 0.267 0.56 0.06600000000000002 0.20800000000000005
4 0.21750000000000003 0.172 0.04200000000000003 0.0613333333333333
9 0.40050000000000013 0.6960000000000001 0.24900000000000014 0.6080000000000001
24 0.71025 0.6813333333333332 0.07950000000000003 0.13599999999999995
24 0.762 0.2693333333333333 0.08699999999999988 0.10133333333333333
32 0.75375 0.5479999999999999 0.07650000000000005 0.37066666666666664
34 0.7155000000000001 0.8146666666666667 0.06299999999999997 0.056000000000000084
34 0.687 0.5640000000000001 0.03 0.034666666666666755
36 0.21 0.5693333333333332 0.03600000000000001 0.06666666666666664
50 0.24 0.7266666666666666 0.18 0.16799999999999998
