9 0.7846864461898804 0.240378737449646 0.19067077338695526 0.4664527177810669
9 0.13871873915195465 0.7276669144630432 0.27614670991897583 0.5192711353302002
31 0.7501890120967739 0.6774193548387096 0.09866431451612893 0.10080645161290343
17 0.5653351814516128 0.8860887096774194 0.17578124999999992 0.2278225806451614
50 0.8260458669354837 0.660282258064516 0.347908266129032 0.6794354838709675
45 0.4989919354838709 0.1975806451612903 0.1247479838709677 0.38306451612903225
45 0.6475554435483873 0.2328629032258064 0.17237903225806453 0.4657258064516128
0 0.7768397177419354 0.18145161290322584 0.1633064516129032 0.2943548387096775
19 0.3430333675067932 0.25121701222567705 0.061946457219903765 0.03915627913159348
19 0.4056681186958069 0.25937457037809236 0.05506351752880327 0.05547139543642409
19 0.4286112509994744 0.27976846575913045 0.04955716577592282 0.04405081402304231
