27 0.8175422549247742 0.48271217942237854 0.14708028733730316 0.2281714230775833
5 0.27703383564949036 0.0977533683180809 0.033553075045347214 0.1517161875963211
5 0.35797610878944397 0.1014438346028328 0.021847153082489967 0.11380724608898163
50 0.20129788306451624 0.6471774193548387 0.40259576612903236 0.7016129032258064
20 0.387479976577648 0.1382651130137204 0.01898942084404517 0.0675179407788272
20 0.4062998490212998 0.14158072617696635 0.02000671124640469 0.06329806948015049
22 0.43438300180753286 0.11031949252254801 0.043404390500674524 0.13624155907156202
7 0.46880132708736466 0.12539046144639335 0.03560516408258472 0.04702142304239748
21 0.31434273432910453 0.09404284608479503 0.02170219525033737 0.056666843153658546
21 0.3353667359778688 0.09645420111261027 0.02238038885191031 0.07354632834836532
41 0.8682132264681042 0.40239042359641775 0.20398958973985074 0.20268554670041788
