5 0.26971301436424255 0.41916176676750183 0.06103496626019478 0.21053116023540497
6 0.3230726420879364 0.6030504107475281 0.08941999822854996 0.0966373011469841
27 0.9512956738471985 0.6098582148551941 0.09641075134277344 0.2503381371498108
5 0.507317304611206 0.18336240947246552 0.02040128782391548 0.11441075056791306
22 0.5827031369470282 0.1909569443799664 0.04341054888430584 0.130602676985262
20 0.535953315071622 0.2201446638577333 0.016696364955502148 0.06629075271221631
20 0.5540410437734161 0.22459702784586721 0.017252910454018888 0.06530133849263102
7 0.6163741396072911 0.20926110744229476 0.03617545740358814 0.04848129675968057
21 0.4669416732555461 0.16968453865888208 0.023374910937703105 0.06233309583387504
21 0.4875338567006656 0.17215807420784532 0.020035637946602666 0.06530133849263106
50 0.3419228830645162 0.6542338709677421 0.4524949596774194 0.6068548387096775
