27 0.815127432346344 0.19597291946411133 0.16254062950611115 0.24937833845615387
12 0.7250231504440308 0.4710979163646698 0.06649112701416016 0.12904171645641327
20 0.15035702288150787 0.17307671904563904 0.0392083078622818 0.1000787690281868
20 0.1829635053873062 0.1689334511756897 0.04178977012634277 0.10720079392194748
17 0.4125874125874121 0.7987567987567982 0.20745920745920748 0.34188034188034133
50 0.6754079254079253 0.6377881377881377 0.649184149184149 0.7244237244237243
21 0.24067255961066805 0.1258418612343362 0.054895301711917026 0.056500427492967284
7 0.3007684688531879 0.05752770799283944 0.06876358846019091 0.0657459519918165
21 0.021456157396797987 0.13886232202871507 0.04001934975133107 0.09086053169780123
21 0.04893932529831451 0.1238617625503045 0.041947993112841024 0.09857510514384094
21 0.07714573446039727 0.11871871358627803 0.03857286723019863 0.08828900721578799
22 0.11330779748870848 0.10671826600354956 0.10221809816002636 0.19972173476969515
