27 0.4926068588469185 0.668986083499006 0.18004473161033802 0.2524850894632206
24 0.413208250497018 0.8091451292246521 0.13754970178926434 0.143141153081511
13 0.191227634194831 0.5178926441351889 0.22589463220675945 0.9125248508946322
42 0.3768638170974155 0.268389662027833 0.04920477137176938 0.2067594433399602
42 0.4064985089463221 0.2524850894632207 0.0682157057654075 0.24254473161033802
7 0.47135934393638174 0.2654075546719682 0.04808648111332005 0.10536779324055669
7 0.571972971075517 0.38752109955473174 0.10288995360466285 0.04970178926441366
5 0.5116177932405567 0.30019880715705766 0.02795725646123259 0.16302186878727634
5 0.45402584493041753 0.48409542743538764 0.03354870775347919 0.12524850894632208
18 0.47695079522862827 0.35685884691848896 0.052559642147117246 0.06163021868787275
42 0.5552311133200796 0.5248508946322068 0.0838717693836979 0.05566600397614309
4 0.7240929423459244 0.46918489065606367 0.06597912524850884 0.10337972166998007
4 0.8034915506958251 0.28330019880715707 0.06374254473161031 0.10536779324055665
4 0.8979870775347913 0.2862823061630219 0.09840954274353862 0.08747514910536783
14 0.6410949886722257 0.868240766160035 0.11965705765407543 0.09940357852882696
34 0.6279199801192843 0.7296222664015904 0.05032306163021864 0.04771371769383705
