9 0.9577894806861877 0.7082623839378357 0.0835418701171875 0.5520850419998169
4 0.4797127016129032 0.4163306451612903 0.13608870967741937 0.14314516129032256
17 0.658329133064516 0.6693548387096775 0.21207157258064505 0.18951612903225815
45 0.8335433467741935 0.27419354838709675 0.14742943548387102 0.4475806451612903
45 0.9388860887096772 0.29032258064516125 0.12222782258064491 0.5443548387096774
41 0.41048452509204014 0.26014036737895674 0.13989538046107888 0.10425424537166822
4 0.3654927128333519 0.20169924743861514 0.056217483476655374 0.03916653503478695
27 0.24269153225806447 0.33467741935483875 0.133820564516129 0.1008064516129032
50 0.3141381048387095 0.6612903225806451 0.47404233870967727 0.6733870967741935
13 0.5228074596774193 0.1502016129032258 0.14742943548387089 0.3004032258064516
13 0.7348790322580645 0.18548387096774197 0.14969758064516128 0.36693548387096775
19 0.6723624544316322 0.30519952347509927 0.06061243178951827 0.04774791699187603
19 0.7144645028602796 0.33875211379371495 0.04754627882890355 0.05032888547792339
19 0.7442262957150133 0.3664975250187237 0.0439167918953995 0.03871452729071031
