14 0.6379845924453281 0.8449304174950296 0.11742047713717682 0.07952286282306162
24 0.6665009940357853 0.720675944333996 0.07604373757455257 0.06958250497017886
5 0.4489935387673957 0.48508946322067586 0.034666998011928456 0.11928429423459243
27 0.475832504970179 0.6868787276341948 0.1845178926441352 0.272365805168986
43 0.5524353876739564 0.5168986083499005 0.07380715705765412 0.047713717693836984
42 0.5949304174950298 0.5954274353876738 0.05144135188866805 0.25646123260437365
34 0.6077907554671969 0.7514910536779325 0.045849900596421446 0.03976143141153074
7 0.5412524850894633 0.34890656063618297 0.12524850894632208 0.12127236580516901
4 0.7990183896620278 0.2813121272365805 0.07268886679920471 0.10536779324055662
4 0.8918364811133201 0.2882703777335984 0.0928180914512923 0.06759443339960242
4 0.7224155069582505 0.4622266401590458 0.06933399602385677 0.08946322067594437
13 0.15376491053677935 0.4960238568588469 0.2896371769383698 0.9165009940357852
