6 0.04150183126330376 0.9094358682632446 0.06484491378068924 0.08786723017692566
6 0.10672660917043686 0.9256466627120972 0.09580585360527039 0.10957777500152588
21 0.14691787958145142 0.23580415546894073 0.13549882173538208 0.09809468686580658
21 0.6955674886703491 0.8577296137809753 0.06496429443359375 0.08779636025428772
44 0.32818859815597534 0.7653079628944397 0.12213058769702911 0.10303785651922226
6 0.7464192509651184 0.9256749153137207 0.10286655277013779 0.1117720976471901
6 0.33507554287678004 0.8616338407224741 0.09275192492287801 0.08729592933917928
0 0.27039627039627034 0.14918414918414918 0.14219114219114215 0.29836829836829837
55 0.5705128205128205 0.4382284382284382 0.3857808857808858 0.864024864024864
44 0.9120046620046613 0.8076664100376257 0.1759906759906759 0.21465941940185085
44 0.8828671328671328 0.9365449365449365 0.08974358974358963 0.11188811188811186
21 0.030303030303030304 0.19497539181377072 0.06060606060606061 0.20264180896505113
44 0.18531468531468534 0.12121212121212122 0.0839160839160839 0.11396011396011396
