6 0.09497933089733124 0.9260739088058472 0.09614196419715881 0.1085917130112648
21 0.03152722865343094 0.9054080247879028 0.06253413110971451 0.08562040328979492
6 0.7297245264053345 0.9428473711013794 0.10375633090734482 0.11042271554470062
6 0.3174031972885132 0.7696911692619324 0.12091701477766037 0.10856103152036667
6 0.3234381377696991 0.8616732954978943 0.09339074790477753 0.09782375395298004
21 0.683758020401001 0.8707426190376282 0.059504128992557526 0.08428141474723816
44 0.900932400932401 0.833980833980834 0.18181818181818174 0.1968401968401969
44 0.13694638694638694 0.24242424242424243 0.12237762237762238 0.09116809116809116
44 0.23076923076923073 0.23517223517223518 0.08391608391608392 0.10567210567210573
44 0.18298368298368298 0.12432012432012432 0.08857808857808858 0.11603211603211604
21 0.027972027972027965 0.19186738870576753 0.05594405594405593 0.19228179860504072
44 0.86013986013986 0.9448329448329449 0.08158508158508156 0.09531209531209527
55 0.5716783216783217 0.44962444962444964 0.39044289044289043 0.8785288785288785
0 0.5914918414918415 0.7345247345247344 0.1550116550116551 0.44962444962444964
